代
180	226	475	516
发
77	125	477	518
码
231	277	475	515
票
131	174	476	519
发
77	125	547	589
号
182	225	546	590
码
232	278	546	586
票
131	175	546	589
效
513	548	784	816
无
472	506	788	818
手
388	422	789	825
写
431	461	789	821
打
238	274	791	825
机
194	234	792	826
发
280	316	792	825
票
323	357	792	826
单
77	116	918	959
码
212	252	921	956
代
167	207	920	957
位
122	162	922	956
电
80	113	986	1022
话
122	162	987	1019
鲁
213	252	1046	1088
车
77	113	1050	1090
号
122	160	1050	1089
号
122	159	1116	1156
证
74	116	1120	1153
期
120	158	1182	1222
日
82	106	1188	1219
车
121	158	1249	1292
上
72	113	1252	1288
车
120	157	1318	1360
下
74	111	1322	1359
单
70	110	1386	1432
价
116	159	1387	1429
程
115	157	1460	1498
里
68	107	1462	1498
等
66	107	1528	1574
候
113	155	1532	1570
状
64	107	1604	1643
态
116	153	1601	1643
金
62	107	1674	1715
额
112	152	1676	1715
卡
62	105	1745	1791
号
112	151	1747	1790
码
142	200	1879	1932
密
84	132	1875	1933
