电
294	331	985	1027
话
343	391	988	1025
督
233	272	983	1022
监
178	225	984	1027
单
277	320	1092	1141
位
332	371	1097	1136
经
178	224	1098	1135
营
230	272	1094	1140
电
185	221	1204	1245
话
231	277	1206	1243
证
178	226	1316	1352
号
231	273	1313	1356
车
182	222	1419	1464
陕
335	377	1421	1460
号
232	273	1420	1463
日
189	213	1535	1568
期
230	272	1529	1573
车
237	277	1633	1678
上
184	228	1635	1673
车
236	276	1740	1786
下
185	225	1745	1782
机
719	762	1754	1791
打
721	760	1802	1838
单
182	226	1845	1891
价
232	278	1846	1889
发
721	762	1850	1886
票
722	761	1898	1935
里
183	224	1956	1992
程
231	278	1954	1994
手
723	760	1984	2023
等
181	224	2057	2104
写
724	758	2035	2070
候
231	275	2060	2100
无
723	761	2084	2116
效
723	763	2131	2165
金
181	228	2164	2207
额
233	277	2167	2206
发
49	97	687	744
票
109	169	690	749
代
174	241	690	752
码
244	303	690	752
发
44	99	849	909
票
112	171	849	909
号
179	236	849	909
码
244	306	849	909
编
374	416	1096	1137
号
422	464	1095	1138
