机
68	107	544	581
打
69	107	588	626
发
71	108	630	670
票
70	108	674	712
手
72	109	739	776
写
72	109	782	819
无
73	112	823	858
效
74	112	863	900
位
191	221	180	209
单
152	180	180	209
电
152	181	256	286
话
194	224	256	294
车
196	226	334	365
京
328	359	336	366
号
232	264	336	366
号
238	270	414	444
证
205	236	414	444
期
190	218	511	541
日
154	180	512	540
时
153	182	585	616
间
190	219	584	616
单
154	184	665	696
价
188	218	664	696
程
191	221	742	772
里
153	184	742	772
等
156	185	819	848
候
191	221	820	848
状
156	186	894	924
态
192	223	894	924
金
156	187	970	1000
额
196	226	970	1001
燃
158	188	1049	1080
油
191	219	1049	1080
附
222	252	1049	1080
费
288	316	1051	1081
加
255	284	1050	1080
预
158	189	1128	1160
车
256	285	1129	1160
叫
224	252	1130	1159
约
192	221	1128	1160
实
160	189	1199	1228
金
234	263	1199	1229
额
269	305	1196	1231
收
198	226	1197	1228
卡
160	185	1269	1300
号
195	224	1269	1300
额
224	260	1336	1376
卡
155	184	1416	1449
余
189	221	1418	1452
服
288	318	1129	1162
务
320	350	1128	1164
费
353	382	1131	1164
卡
156	189	1340	1372
原
193	224	1339	1376
额
224	256	1421	1455
