码
196	232	394	431
发
79	115	398	437
代
157	193	394	434
票
119	153	396	437
码
197	233	472	510
发
78	122	462	515
号
159	192	472	514
票
120	153	474	516
管
126	172	551	598
门
232	269	548	593
运
74	119	556	596
部
176	222	550	596
话
227	276	602	647
监
74	121	608	652
督
125	171	606	651
电
181	222	605	649
效
462	504	786	826
无
388	427	790	828
手
234	275	792	832
开
311	350	793	830
单
84	131	925	974
位
139	185	923	973
电
88	129	1001	1047
话
138	187	999	1046
号
140	186	1075	1121
车
85	131	1075	1124
号
138	186	1151	1198
证
83	143	1153	1215
期
138	185	1227	1278
日
92	121	1232	1276
车
139	185	1306	1357
上
81	128	1311	1357
车
138	185	1387	1438
下
80	127	1389	1439
单
77	140	1457	1523
价
137	185	1468	1521
程
135	185	1553	1605
里
79	127	1555	1606
等
79	128	1635	1691
候
130	186	1636	1691
状
67	128	1722	1776
态
133	186	1721	1783
额
137	187	1807	1871
金
77	136	1807	1870
卡
76	132	1889	1958
号
132	193	1882	1958
