单
183	215	473	505
电
181	215	559	593
话
229	261	560	594
车
229	262	647	679
号
272	304	648	682
京
376	410	650	685
号
277	311	735	771
证
240	272	735	770
日
180	211	843	877
期
221	253	845	878
机
85	127	878	921
时
178	210	928	962
打
85	127	928	972
间
219	252	927	963
发
86	125	976	1020
价
217	249	1018	1053
单
178	209	1019	1052
票
84	126	1026	1069
里
175	208	1106	1140
程
218	251	1106	1140
手
84	126	1101	1143
写
83	125	1151	1192
等
176	208	1195	1229
无
85	126	1198	1238
效
83	125	1245	1286
状
174	208	1283	1316
态
216	250	1283	1316
金
173	207	1369	1403
额
219	253	1371	1404
燃
174	207	1462	1495
油
210	243	1462	1495
附
246	280	1462	1496
加
283	316	1463	1497
费
321	353	1464	1498
预
172	207	1551	1586
车
283	315	1553	1587
叫
246	279	1553	1586
约
211	243	1553	1587
务
352	390	1554	1599
实
172	207	1630	1663
金
254	290	1630	1679
卡
172	206	1711	1744
号
207	246	1709	1746
卡
171	204	1792	1825
卡
170	204	1872	1907
余
211	245	1873	1907
位
228	264	472	508
候
213	254	1192	1233
服
317	352	1550	1591
费
391	427	1553	1592
收
211	250	1630	1669
额
289	331	1624	1672
原
210	247	1789	1829
额
250	292	1790	1830
额
251	291	1869	1911
