机
31	68	545	583
打
31	68	588	627
发
33	67	630	668
票
30	67	673	712
手
29	66	737	776
写
28	64	780	816
无
28	65	821	854
效
29	65	858	892
单
117	146	180	213
电
117	145	261	296
话
157	187	264	296
车
159	187	344	374
号
193	224	345	377
京
286	316	346	379
证
166	195	420	453
号
199	229	423	454
日
115	141	516	546
期
150	178	516	548
时
112	140	588	619
间
148	176	588	620
单
112	140	665	696
价
144	173	665	696
里
110	139	741	772
程
146	175	741	772
等
109	138	817	847
候
144	174	819	846
状
107	136	888	916
态
144	172	888	917
金
105	135	956	985
额
144	173	956	984
燃
104	133	1032	1060
油
136	164	1032	1060
附
166	195	1032	1060
费
228	256	1033	1062
加
196	225	1032	1062
预
103	132	1106	1134
车
196	223	1107	1134
叫
164	192	1108	1134
服
224	253	1108	1136
约
135	162	1107	1136
实
102	131	1169	1196
收
138	164	1170	1198
卡
100	128	1234	1262
卡
98	126	1301	1328
余
130	160	1365	1394
卡
97	125	1366	1394
位
156	187	181	216
务
257	285	1105	1138
费
288	314	1107	1138
金
170	201	1172	1201
额
204	235	1171	1200
号
132	160	1233	1264
原
132	162	1300	1331
额
166	195	1299	1331
额
165	194	1365	1393
