代
192	236	428	467
码
240	282	428	465
票
148	188	430	468
号
195	234	493	533
码
240	283	494	531
票
148	188	494	533
效
498	531	715	744
写
424	451	717	748
无
460	492	717	746
手
384	416	718	751
发
286	320	719	751
票
324	356	719	752
机
209	244	720	750
打
248	280	720	750
单
105	140	836	873
码
227	263	838	870
代
185	223	836	871
位
145	182	839	870
电
109	140	896	930
话
146	183	898	928
鲁
229	265	952	990
车
108	140	955	992
号
148	182	956	991
证
106	144	1017	1047
号
148	182	1014	1050
期
148	183	1073	1108
日
115	136	1077	1105
车
151	184	1132	1169
上
107	144	1134	1167
车
150	184	1192	1230
下
109	143	1196	1228
单
108	144	1252	1292
价
149	187	1253	1289
程
149	186	1316	1350
里
108	144	1318	1351
等
107	143	1376	1416
候
148	185	1378	1412
状
106	145	1443	1477
态
152	184	1439	1476
金
105	144	1503	1540
额
148	184	1504	1538
卡
106	143	1565	1604
号
150	184	1566	1605
发
99	147	430	468
发
99	147	494	533
