发
127	161	345	377
票
167	198	346	381
代
203	236	348	379
码
241	274	350	379
发
125	160	424	455
票
165	197	425	455
号
203	234	426	457
码
240	274	427	457
码
239	274	497	527
别
183	213	495	526
识
124	158	496	522
码
239	274	568	598
代
201	235	566	598
公
123	159	565	594
司
166	191	567	598
车
123	155	677	712
号
162	194	679	712
冀
220	252	679	712
起
118	156	791	824
止
159	195	794	822
间
241	269	793	824
时
201	232	793	825
等
118	152	902	938
时
199	230	903	935
候
156	191	904	935
间
238	266	902	933
营
154	186	1014	1049
程
232	268	1015	1047
里
192	226	1017	1045
运
110	146	1018	1047
金
99	140	1128	1163
额
143	180	1130	1163
计
227	263	1128	1165
合
185	223	1128	1164
大
95	132	1252	1288
写
139	172	1253	1289
开
90	127	1388	1426
日
184	206	1390	1422
期
217	256	1386	1426
票
133	169	1386	1424
手
692	729	1495	1531
写
695	728	1538	1574
无
695	730	1582	1617
效
696	734	1624	1663
