位
180	214	799	836
单
132	166	801	838
电
133	166	895	932
话
180	215	893	930
号
225	262	988	1024
车
184	218	989	1024
京
339	374	985	1023
证
196	231	1082	1118
号
234	271	1082	1118
期
178	212	1199	1235
日
136	167	1200	1235
机
34	80	1240	1285
时
134	168	1288	1324
打
36	79	1291	1337
间
178	212	1287	1324
发
36	80	1342	1389
单
135	170	1384	1420
价
176	210	1383	1420
票
36	80	1394	1440
里
133	170	1477	1512
程
179	215	1477	1513
手
36	81	1473	1519
写
38	81	1526	1570
等
135	171	1570	1607
候
178	215	1570	1606
无
39	83	1576	1619
效
37	83	1625	1673
状
135	171	1664	1700
态
179	216	1662	1700
额
182	217	1757	1793
金
134	170	1757	1794
加
250	286	1855	1892
费
290	325	1854	1892
油
173	208	1854	1892
附
212	248	1853	1892
燃
135	170	1857	1893
预
134	170	1953	1991
服
288	326	1953	1993
车
250	285	1954	1989
叫
212	246	1954	1990
约
174	208	1953	1991
实
134	169	2039	2076
金
222	258	2039	2082
收
179	214	2039	2077
卡
132	167	2128	2166
号
173	211	2129	2171
卡
129	167	2218	2256
额
218	253	2219	2257
原
173	210	2220	2255
卡
127	164	2309	2346
额
217	264	2300	2346
余
172	210	2308	2346
务
329	365	1952	1998
费
365	404	1954	1993
额
267	302	2038	2080
