码
214	246	530	562
发
95	123	527	560
代
175	206	528	561
票
136	163	528	561
票
134	161	604	638
号
173	200	605	640
发
91	121	604	637
码
211	244	607	639
话
225	255	685	712
询
171	194	681	714
址
223	254	740	767
询
169	192	737	770
无
425	479	819	868
手
231	286	817	867
效
521	575	820	868
写
329	381	819	869
车
209	247	904	945
号
256	293	906	947
证
207	248	984	1017
号
254	292	981	1023
期
253	292	1057	1097
日
213	238	1059	1093
车
250	289	1131	1174
上
201	244	1134	1171
车
248	286	1212	1256
下
201	241	1217	1256
单
195	239	1294	1340
价
244	289	1296	1339
里
194	235	1379	1417
程
243	287	1379	1419
等
192	233	1456	1506
候
242	282	1461	1502
金
188	231	1544	1589
额
240	279	1546	1588
卡
95	139	1613	1663
额
236	276	1696	1739
原
185	225	1695	1741
额
235	274	1782	1824
余
183	226	1778	1826
查
143	170	681	714
查
141	168	737	770
发
79	108	737	770
票
110	138	737	770
网
193	222	737	770
发
81	110	681	714
票
112	140	681	714
电
195	224	681	714
号
144	190	1614	1664
