单
205	231	443	468
位
241	268	444	469
电
202	228	506	532
话
239	266	508	533
车
238	265	572	596
京
356	384	575	599
号
270	299	572	597
证
243	271	636	662
号
273	302	636	662
日
193	217	718	744
期
225	252	718	745
机
112	147	745	778
时
188	216	783	810
间
222	249	782	810
打
111	147	783	817
发
108	143	821	854
单
184	211	852	879
价
217	244	852	880
票
106	142	859	892
手
103	139	917	951
里
180	207	921	949
程
215	243	922	949
写
103	138	957	992
等
178	206	993	1022
候
212	241	994	1022
无
99	136	996	1029
效
98	135	1033	1071
状
175	204	1066	1095
态
210	239	1067	1096
金
172	202	1139	1168
额
211	240	1140	1169
燃
170	199	1216	1246
附
230	261	1217	1246
费
295	323	1218	1248
加
262	292	1218	1248
油
201	229	1217	1246
预
166	196	1293	1322
车
260	288	1295	1323
叫
230	258	1293	1324
服
291	321	1296	1328
约
199	227	1293	1323
实
165	194	1360	1389
卡
163	195	1430	1461
号
197	226	1432	1462
卡
160	189	1502	1532
卡
159	187	1572	1603
余
193	223	1573	1604
务
325	352	1297	1328
费
356	384	1296	1326
收
202	230	1361	1394
金
238	269	1360	1394
额
270	305	1363	1394
原
193	226	1500	1536
额
229	261	1503	1537
额
227	259	1576	1608
