机
53	93	530	568
打
54	92	573	611
发
54	91	616	654
票
52	91	658	696
手
51	89	725	764
写
51	88	769	807
无
49	88	812	849
效
49	88	854	895
单
140	169	174	205
位
180	209	176	205
电
141	169	252	282
话
181	211	253	283
车
183	212	330	360
号
217	248	332	360
京
310	340	332	361
证
192	220	405	435
号
224	254	407	436
期
176	204	499	528
日
141	167	500	528
间
175	203	571	602
时
139	168	572	601
单
136	166	650	680
价
171	200	650	680
里
134	164	728	757
程
172	200	728	758
等
133	163	806	836
候
169	200	806	836
状
131	162	885	916
态
169	199	883	914
额
170	200	963	994
金
130	160	964	996
费
261	290	1044	1076
加
228	257	1045	1077
附
195	225	1045	1078
油
162	192	1046	1080
燃
129	160	1048	1081
务
292	321	1126	1157
车
227	256	1128	1160
服
259	289	1128	1160
叫
195	223	1130	1160
预
128	159	1132	1166
约
162	192	1132	1163
实
128	157	1207	1240
号
164	193	1282	1315
卡
124	155	1284	1318
额
199	228	1353	1390
卡
124	154	1363	1396
卡
122	153	1440	1473
余
160	192	1437	1470
原
160	192	1360	1393
额
198	227	1435	1468
费
327	356	1125	1160
收
164	195	1206	1238
金
203	234	1204	1236
额
239	272	1200	1236
