代
186	238	521	574
码
252	302	522	573
发
65	112	524	577
票
120	173	523	577
发
59	109	697	752
票
118	172	697	753
询
146	200	806	861
码
241	299	809	861
查
52	105	806	863
督
88	129	1025	1067
电
139	176	1024	1068
话
184	227	1024	1067
监
41	83	1025	1067
车
39	81	1094	1137
桂
180	219	1094	1138
号
88	129	1094	1138
期
85	126	1164	1208
日
45	72	1167	1205
金
716	766	1193	1232
上
35	78	1238	1277
额
715	768	1238	1276
车
83	126	1236	1279
车
83	125	1306	1351
下
34	77	1307	1348
计
715	768	1327	1368
单
33	78	1376	1421
价
82	126	1377	1421
程
81	126	1449	1491
里
34	77	1449	1490
等
35	79	1517	1561
候
83	126	1518	1560
位
715	767	1507	1545
无
715	764	1553	1588
效
714	767	1595	1635
卡
34	78	1656	1699
报
714	765	1661	1701
号
86	126	1657	1700
额
84	126	1728	1770
原
34	78	1727	1771
凭
713	764	1750	1790
号
182	233	696	756
码
244	303	698	752
金
32	79	1584	1634
额
84	130	1582	1633
余
33	76	1791	1848
额
81	128	1798	1848
合
716	770	1282	1323
超
712	768	1372	1413
佰
716	770	1417	1457
元
714	771	1460	1501
销
714	767	1704	1750
证
713	767	1796	1839
