发
123	157	603	635
码
234	267	605	636
代
199	232	603	636
票
164	192	603	636
发
124	156	677	709
号
197	228	678	711
票
161	192	677	709
发
124	148	748	780
询
200	222	748	781
票
151	172	748	780
查
175	196	748	781
发
123	148	801	832
手
256	308	876	921
无
431	482	879	924
写
346	393	876	923
车
239	273	956	994
号
280	316	957	995
证
238	275	1028	1060
号
280	315	1026	1064
期
280	319	1095	1131
日
245	267	1097	1128
车
278	314	1162	1200
上
236	275	1164	1197
车
277	312	1232	1272
下
237	272	1237	1271
单
233	272	1304	1344
价
276	316	1305	1343
里
232	270	1376	1410
程
276	314	1376	1411
等
232	270	1443	1485
候
275	312	1447	1482
金
229	269	1518	1556
额
274	310	1520	1556
卡
150	189	1580	1622
号
193	229	1580	1616
额
272	308	1649	1684
原
228	264	1648	1686
余
228	267	1719	1758
额
272	308	1722	1756
电
223	248	748	781
码
235	268	680	712
票
149	172	799	836
查
175	196	801	835
询
200	225	796	836
网
224	245	797	836
址
248	274	800	833
话
250	274	751	782
效
515	572	879	925
