督
235	272	708	740
电
279	308	708	737
物
117	150	709	739
价
157	192	709	739
监
196	231	709	737
话
315	351	710	737
车
181	214	972	1010
号
223	257	972	1008
手
112	147	1043	1080
号
221	256	1046	1083
证
178	215	1049	1080
期
219	254	1121	1157
写
111	143	1122	1156
日
185	205	1125	1155
车
219	253	1196	1235
上
174	212	1198	1231
无
107	143	1200	1231
车
218	252	1274	1314
效
104	141	1278	1312
下
174	209	1278	1312
单
170	207	1352	1395
价
215	253	1354	1392
程
212	251	1438	1474
里
169	205	1439	1472
等
166	203	1517	1562
候
209	249	1521	1558
金
161	203	1603	1643
额
208	247	1606	1643
卡
23	61	1710	1754
号
68	105	1713	1754
额
314	352	1794	1832
原
257	296	1793	1834
额
314	352	1852	1889
余
258	299	1848	1891
发
64	88	498	540
票
88	111	498	540
代
110	136	498	540
码
137	160	498	540
发
59	86	598	646
票
86	108	598	646
号
108	134	598	646
码
136	159	598	646
