发
90	123	466	505
代
175	210	469	509
码
221	252	473	511
票
133	165	467	507
发
88	124	557	597
票
132	164	559	599
码
220	252	565	602
日
177	198	672	702
期
211	248	670	707
手
90	129	684	719
代
167	206	731	769
码
212	249	736	769
写
91	127	748	785
车
170	203	794	832
无
89	127	815	849
上
168	204	859	891
车
278	310	862	899
下
242	275	863	896
单
168	204	920	960
价
211	249	922	958
里
170	203	988	1018
程
211	248	988	1021
候
209	246	1051	1086
等
169	203	1047	1087
额
212	245	1114	1148
附
255	288	1178	1212
加
295	332	1178	1209
燃
165	201	1178	1211
号
115	154	1237	1276
额
183	217	1303	1339
金
140	180	1302	1339
效
88	130	879	917
卡
67	114	1237	1276
号
178	211	561	606
号
216	250	795	836
原
70	106	1303	1343
油
207	244	1178	1212
金
162	208	1113	1150
/
106	139	1303	1344
元
708	750	924	960
K
690	718	990	1024
m
720	756	1002	1024
元
706	748	1116	1155
元
708	747	1182	1220
/
206	236	862	896
