发
109	148	400	436
票
155	190	403	438
代
196	235	406	442
码
241	277	411	444
发
107	146	491	528
码
238	276	501	536
号
196	231	496	534
票
152	189	493	530
码
236	274	584	619
别
172	207	579	615
识
105	144	576	608
代
191	230	663	700
码
235	274	667	702
公
103	144	660	693
司
152	180	661	698
车
102	139	789	828
冀
212	248	796	832
号
146	183	792	830
起
97	140	920	958
止
142	182	925	956
时
189	224	926	962
等
96	135	1045	1086
时
187	222	1049	1087
候
139	179	1050	1084
营
139	176	1172	1211
里
182	219	1176	1208
程
225	265	1176	1210
运
91	132	1176	1208
额
132	172	1301	1337
计
222	260	1300	1340
合
176	219	1300	1337
手
703	742	1685	1720
写
705	740	1727	1764
无
704	740	1771	1807
效
703	742	1812	1852
金
84	133	1299	1338
间
231	267	924	961
间
230	267	1049	1087
大
85	124	1429	1468
写
130	166	1432	1470
开
80	120	1569	1607
票
124	165	1570	1610
日
177	204	1572	1606
期
216	253	1571	1607
