发
131	167	412	445
票
173	206	414	447
代
211	246	415	448
码
251	286	418	449
发
129	165	495	528
票
170	204	497	531
号
211	243	498	533
码
249	284	500	532
码
247	283	575	607
别
189	220	573	606
识
127	163	573	601
码
246	283	651	683
代
206	242	649	682
司
170	196	648	682
公
124	163	648	677
车
124	157	764	801
冀
225	259	767	802
号
164	198	766	801
起
118	157	884	919
止
161	197	888	917
时
205	237	888	921
间
246	275	889	922
等
116	152	1000	1038
时
202	235	1003	1037
候
157	193	1003	1035
间
243	273	1004	1037
营
156	190	1119	1156
程
237	274	1122	1155
里
196	230	1123	1153
运
109	148	1122	1153
金
103	144	1240	1277
额
148	185	1243	1277
计
233	270	1241	1280
合
191	229	1241	1277
大
100	138	1367	1403
写
144	179	1368	1404
期
225	263	1502	1542
开
96	133	1504	1542
日
191	213	1506	1538
票
139	176	1503	1541
手
705	742	1613	1648
写
706	741	1655	1692
无
707	743	1699	1734
效
707	746	1741	1780
