机
61	100	541	579
打
62	100	584	624
发
62	99	628	666
票
62	99	671	709
手
61	99	738	777
写
61	98	783	820
无
60	100	826	864
效
60	99	868	908
单
146	175	178	208
位
185	215	178	208
电
147	175	256	286
话
188	216	256	285
车
190	219	334	363
号
225	255	335	364
京
319	348	335	364
证
200	229	412	440
号
232	263	412	441
期
184	212	508	538
日
148	175	509	538
间
184	212	582	613
时
147	176	583	613
单
146	175	662	693
价
180	209	662	692
里
144	173	740	771
程
182	212	740	771
等
144	174	821	851
候
181	212	821	850
状
143	174	900	930
态
181	212	899	929
额
183	213	978	1009
金
143	173	979	1010
费
276	304	1060	1092
油
176	205	1062	1095
加
242	272	1061	1093
附
209	239	1062	1093
燃
143	173	1064	1096
费
341	370	1143	1171
务
308	338	1144	1176
服
275	304	1144	1177
车
242	272	1146	1176
预
143	173	1149	1182
叫
210	238	1147	1178
约
176	206	1148	1180
额
256	286	1220	1253
实
144	172	1225	1257
号
182	210	1302	1334
卡
144	170	1304	1336
卡
146	175	1376	1406
卡
146	175	1448	1477
余
182	212	1453	1482
收
180	212	1224	1256
金
217	249	1222	1257
原
180	212	1381	1414
额
215	246	1377	1412
额
219	247	1456	1486
