码
248	281	600	645
代
204	237	599	644
发
117	150	601	646
票
161	193	600	647
码
247	280	713	758
发
112	148	711	758
号
202	234	711	761
票
158	191	711	760
单
109	148	1000	1039
位
157	198	1003	1036
车
108	145	1066	1105
号
156	193	1067	1105
号
154	192	1132	1172
证
103	145	1135	1168
期
149	189	1199	1238
日
109	133	1204	1235
车
149	187	1268	1310
上
97	138	1269	1305
车
146	185	1338	1381
下
97	135	1342	1378
单
91	133	1409	1455
价
143	187	1411	1454
里
89	130	1489	1525
程
139	183	1488	1527
等
86	128	1558	1607
候
137	180	1562	1602
状
83	126	1639	1678
态
138	177	1635	1680
金
80	126	1713	1756
含
80	119	1789	1834
电
131	163	1790	1832
费
224	254	1788	1836
卡
79	122	1864	1911
号
132	172	1866	1913
额
132	171	1947	1988
原
78	117	1944	1989
额
130	169	2024	2066
余
75	118	2020	2066
额
127	182	1713	1756
调
164	223	1788	1836
