单
134	164	697	728
位
174	205	699	730
电
135	165	774	806
话
176	206	778	808
车
178	209	854	884
号
213	245	856	886
京
305	337	858	888
证
189	218	932	961
号
221	252	932	963
日
137	164	1028	1056
期
173	202	1028	1057
机
50	89	1057	1095
间
171	202	1100	1133
打
50	90	1101	1141
时
134	165	1101	1132
发
50	88	1145	1185
单
134	164	1182	1214
价
169	199	1182	1213
票
49	88	1190	1230
手
49	88	1259	1300
程
170	202	1262	1294
里
132	163	1263	1294
写
48	86	1306	1346
等
132	163	1345	1377
候
169	202	1346	1377
无
48	88	1351	1391
效
48	87	1396	1439
态
171	203	1428	1462
状
131	163	1429	1462
金
130	163	1514	1549
额
173	205	1514	1547
费
270	301	1600	1635
加
235	266	1601	1635
油
166	197	1603	1638
燃
131	164	1606	1639
附
200	232	1602	1636
费
339	373	1687	1724
服
270	301	1690	1723
车
236	267	1691	1723
预
132	165	1694	1730
叫
202	232	1692	1725
约
169	199	1693	1727
务
304	340	1688	1731
额
251	286	1766	1802
收
174	205	1771	1805
金
212	244	1769	1804
实
132	165	1774	1808
卡
132	162	1854	1887
额
209	243	1929	1964
卡
132	164	1934	1969
原
171	204	1927	1965
卡
133	166	2016	2051
余
172	205	2012	2048
额
210	246	2010	2046
号
170	206	1850	1888
