机
29	68	541	578
打
32	68	584	622
发
33	71	626	664
票
33	70	669	707
手
34	72	735	773
写
35	70	779	816
无
36	74	820	856
效
38	76	860	896
单
116	144	176	205
位
155	184	175	204
电
114	143	254	284
话
155	184	254	284
车
156	185	333	364
号
192	224	334	365
京
287	317	335	364
证
164	195	412	442
号
197	228	412	443
日
114	140	510	539
期
149	178	510	540
间
151	179	581	613
时
115	144	583	612
单
116	146	660	690
价
151	180	660	690
里
116	145	738	767
程
153	183	737	767
等
116	147	816	846
候
153	184	816	845
状
118	148	893	921
态
156	185	894	923
金
124	153	964	991
额
162	192	965	992
油
160	187	1039	1066
加
220	248	1043	1072
费
252	280	1047	1076
附
190	218	1040	1068
燃
129	158	1036	1064
预
132	160	1111	1140
叫
193	220	1116	1143
车
224	252	1118	1144
服
254	283	1120	1148
务
284	313	1123	1152
费
317	344	1125	1151
约
163	190	1113	1142
收
169	196	1178	1206
额
238	266	1183	1211
实
134	162	1177	1204
卡
135	162	1244	1271
号
168	196	1245	1274
卡
136	163	1311	1338
额
201	233	1315	1342
卡
138	164	1376	1402
额
205	233	1380	1407
余
171	200	1377	1404
金
203	232	1180	1211
原
169	197	1312	1343
