发
117	148	532	568
代
192	224	534	569
码
230	262	536	569
票
156	185	533	569
票
156	186	616	652
发
117	149	616	648
日
196	216	716	742
期
227	259	712	745
手
121	156	727	759
代
189	222	767	799
码
226	260	768	798
写
123	154	784	816
无
120	153	842	872
车
190	221	821	853
号
228	258	821	853
车
284	314	875	911
下
252	283	878	908
单
187	220	931	967
价
224	259	932	965
里
187	218	992	1020
程
224	258	990	1021
等
185	217	1044	1082
候
224	256	1048	1080
额
220	254	1103	1136
附
262	293	1163	1195
加
298	332	1162	1192
燃
184	216	1163	1195
油
220	252	1163	1195
额
196	229	1277	1308
金
162	198	1275	1309
原
94	130	1276	1311
码
225	261	616	652
上
185	218	875	911
/
131	161	1275	1311
卡
97	136	1214	1255
号
192	223	616	655
/
225	247	877	908
效
116	156	896	936
号
139	174	1216	1254
元
665	700	932	966
K
650	675	992	1022
m
680	709	1002	1025
元
668	702	1105	1137
元
667	703	1162	1196
金
182	218	1104	1139
