单
187	215	755	785
位
227	256	759	789
电
185	214	832	863
话
227	255	837	867
车
226	255	913	942
号
262	292	917	947
京
352	384	922	953
号
266	296	992	1023
证
236	262	990	1020
日
179	207	1086	1111
期
216	245	1086	1115
机
92	130	1108	1146
打
91	129	1152	1192
时
175	205	1156	1187
间
213	242	1156	1190
发
90	127	1195	1233
单
173	201	1235	1267
价
207	237	1237	1268
票
87	125	1240	1279
手
85	122	1309	1349
里
167	197	1316	1347
程
206	236	1317	1348
写
82	119	1356	1395
等
165	195	1398	1430
候
202	234	1400	1431
无
79	117	1401	1439
效
78	116	1445	1486
状
160	192	1482	1514
态
200	231	1482	1516
金
158	189	1566	1600
额
199	230	1568	1600
油
190	219	1657	1690
加
256	286	1657	1691
费
291	321	1658	1690
附
223	253	1657	1690
燃
155	186	1658	1691
服
287	317	1746	1780
务
321	351	1746	1779
预
151	183	1747	1782
车
254	284	1747	1779
叫
220	250	1747	1779
费
356	385	1747	1779
约
187	217	1747	1781
额
266	296	1825	1858
收
190	219	1826	1861
实
149	180	1827	1861
卡
144	176	1909	1944
号
184	216	1908	1943
额
221	250	1983	2022
原
181	212	1990	2024
卡
143	174	1992	2026
额
219	248	2069	2104
卡
140	172	2073	2108
余
179	212	2071	2106
密
27	70	2164	2209
码
158	201	2163	2204
金
228	260	1824	1860
