发
194	222	325	373
代
282	315	329	377
码
330	361	335	379
票
238	269	327	376
发
182	214	437	486
票
230	262	439	489
单
167	206	707	749
位
217	257	711	747
号
214	251	778	818
车
163	199	776	817
证
156	197	846	880
日
160	184	915	949
期
201	242	912	953
车
199	238	981	1026
上
145	187	983	1020
车
195	234	1053	1098
下
146	183	1057	1095
单
142	182	1125	1171
价
193	234	1127	1170
里
141	181	1204	1240
程
192	235	1203	1242
等
142	182	1272	1318
候
192	234	1277	1314
状
144	185	1348	1385
态
198	235	1345	1387
金
144	188	1416	1457
额
198	236	1420	1456
含
146	185	1488	1529
电
195	226	1489	1528
调
238	272	1492	1529
卡
150	189	1557	1600
号
201	238	1559	1602
额
203	239	1632	1672
原
151	189	1630	1670
号
277	310	438	495
码
319	359	445	491
费
285	314	1489	1535
号
212	247	843	886
