电
320	352	793	830
监
217	258	794	831
单
306	343	887	928
营
262	299	887	927
经
217	255	890	923
电
219	252	982	1021
号
260	297	1079	1121
证
218	252	1083	1113
车
212	247	1178	1220
陕
354	392	1178	1218
日
214	238	1289	1323
期
254	286	1284	1323
车
259	297	1387	1431
下
204	244	1499	1540
机
734	773	1510	1549
打
736	772	1560	1597
发
737	774	1609	1647
票
740	776	1658	1697
里
199	241	1719	1757
程
249	293	1717	1757
手
741	778	1747	1789
写
744	777	1799	1838
候
249	292	1827	1869
无
745	783	1851	1888
效
746	783	1901	1939
额
251	292	1937	1979
发
102	154	548	594
票
161	209	546	595
发
100	151	682	729
号
218	264	684	733
票
161	208	683	730
督
266	311	793	832
话
365	405	794	827
话
262	302	985	1018
车
255	294	1496	1541
价
251	295	1604	1649
等
197	240	1823	1874
金
197	243	1934	1981
位
344	388	887	928
代
218	269	549	599
码
277	327	544	596
码
276	327	683	732
号
258	301	1175	1224
上
207	250	1386	1434
单
200	242	1602	1654
编
394	431	888	926
号
436	472	888	926
