代
181	224	371	406
发
84	128	374	409
码
230	273	371	405
票
135	175	373	409
发
85	129	488	524
号
185	224	486	524
码
232	276	485	519
票
137	177	487	524
电
188	224	611	646
话
233	278	612	644
督
133	180	612	650
监
84	129	614	651
无
607	650	704	740
手
505	549	708	746
效
657	703	699	739
发
362	405	714	753
打
312	356	716	755
机
261	306	719	758
写
557	597	706	743
票
413	456	712	752
单
154	197	857	899
位
204	249	859	894
车
150	191	1014	1056
晋
347	394	1002	1042
号
201	244	1013	1052
日
155	182	1094	1129
期
198	254	1080	1131
车
200	242	1171	1220
上
145	191	1176	1216
车
203	246	1261	1310
下
149	192	1267	1308
单
149	194	1352	1403
价
201	250	1352	1399
里
152	196	1448	1488
程
205	253	1445	1488
状
149	198	1543	1587
态
208	252	1538	1585
等
148	195	1634	1688
候
202	253	1637	1682
额
202	251	1736	1780
金
143	198	1734	1784
电
148	193	934	976
话
201	249	930	975
卷
717	760	1209	1253
筒
717	760	1259	1300
发
722	766	1306	1346
票
725	766	1352	1397
可
729	770	1404	1445
不
732	771	1454	1493
加
733	778	1501	1542
盖
739	781	1550	1595
企
741	785	1600	1643
业
743	786	1652	1694
戳
745	794	1702	1751
记
745	794	1757	1798
