机
65	102	533	569
打
64	101	576	614
发
67	100	619	654
票
65	100	661	700
手
64	100	727	765
写
64	100	771	808
无
67	103	814	851
效
68	101	856	894
单
144	172	180	210
位
183	212	180	210
电
146	174	256	285
话
186	214	257	286
车
191	219	332	360
号
224	254	332	362
京
316	344	334	363
证
199	227	408	436
号
231	260	408	437
日
148	175	502	530
期
184	212	502	531
时
147	175	574	604
间
183	211	572	604
单
147	175	652	683
价
180	208	652	682
里
145	173	729	759
程
182	210	728	758
候
183	212	808	837
等
147	175	808	838
状
147	177	887	917
态
185	214	886	916
额
184	213	962	992
金
144	173	964	993
附
208	237	1041	1073
费
273	301	1041	1072
油
175	204	1043	1074
燃
143	172	1045	1075
加
240	269	1042	1072
务
306	335	1123	1155
服
273	302	1124	1156
车
241	269	1126	1156
预
141	172	1128	1161
叫
208	237	1128	1157
约
176	204	1128	1160
额
248	284	1198	1228
金
216	248	1200	1229
实
141	172	1202	1231
卡
139	168	1272	1304
号
179	207	1272	1303
额
211	243	1347	1380
卡
138	168	1350	1383
卡
136	168	1431	1463
额
212	242	1428	1460
余
174	206	1428	1463
收
178	208	1200	1231
原
174	206	1348	1382
费
338	368	1121	1156
