单
164	192	574	604
位
202	232	575	604
话
202	233	648	681
电
165	194	652	681
车
209	237	727	756
号
243	272	727	758
京
333	361	728	758
证
219	247	804	833
号
250	280	804	834
日
172	198	898	926
期
207	234	899	927
机
89	128	929	965
时
172	200	970	999
间
207	235	968	999
打
92	129	971	1007
发
94	129	1012	1048
单
174	203	1046	1074
价
206	234	1046	1074
票
93	130	1053	1089
手
95	131	1116	1152
里
174	202	1119	1148
程
209	238	1119	1148
写
96	132	1157	1192
等
175	203	1194	1221
候
209	239	1194	1221
无
97	134	1197	1232
效
96	134	1236	1273
状
176	205	1266	1294
态
212	241	1266	1294
金
177	205	1338	1367
额
215	243	1338	1366
附
239	267	1412	1442
费
301	329	1412	1442
加
269	298	1413	1442
费
360	389	1487	1517
车
272	298	1488	1516
预
179	208	1490	1519
金
250	280	1555	1584
实
179	209	1556	1585
号
214	242	1620	1652
卡
179	206	1624	1652
额
248	276	1690	1719
卡
179	207	1693	1721
原
213	242	1685	1719
余
214	243	1760	1790
卡
180	208	1762	1791
燃
177	205	1412	1444
油
208	240	1409	1446
约
210	242	1486	1519
叫
241	267	1487	1516
服
301	330	1485	1517
务
332	362	1486	1516
收
213	247	1550	1585
额
281	319	1549	1588
额
247	281	1755	1792
