发
81	114	451	492
代
167	199	459	500
票
123	155	456	496
码
209	259	467	509
发
78	116	545	587
号
164	197	552	594
票
123	155	549	590
码
209	241	559	597
期
204	238	664	701
手
81	119	675	711
代
160	198	724	762
码
203	240	730	765
写
83	119	739	777
无
82	119	807	843
车
162	196	788	833
车
269	303	857	895
下
233	266	859	891
效
78	123	872	912
单
160	198	914	954
价
204	242	917	955
里
162	197	984	1015
程
203	242	984	1018
等
161	195	1043	1084
额
204	240	1108	1145
金
158	199	1106	1145
加
292	327	1174	1205
附
251	284	1174	1208
燃
160	201	1174	1208
卡
64	104	1233	1283
额
179	214	1302	1336
金
137	178	1300	1338
原
64	101	1302	1341
号
101	139	1234	1272
候
196	237	1043	1084
号
197	238	788	833
日
162	203	664	701
上
157	194	857	895
/
196	232	857	895
油
202	250	1174	1208
/
105	137	1303	1341
元
696	736	915	951
K
681	710	981	1015
m
712	748	990	1015
元
701	741	1106	1142
元
701	747	1168	1207
