机
59	99	527	564
打
61	98	569	606
发
60	98	610	647
票
60	97	652	689
手
60	97	716	753
写
61	96	759	793
无
61	99	798	833
效
61	99	837	874
位
180	210	180	208
单
142	170	180	209
电
143	172	254	282
话
183	212	256	283
车
187	216	326	355
京
315	343	331	358
号
221	252	328	356
证
196	227	400	428
号
229	260	400	430
期
181	211	495	525
日
146	172	496	524
时
144	173	568	596
间
180	208	567	597
单
143	172	644	675
价
176	206	645	675
里
141	171	721	749
程
177	208	721	750
等
142	171	795	822
候
177	207	795	822
状
142	172	867	896
态
179	208	867	896
金
141	172	940	968
额
180	209	940	968
油
173	201	1015	1045
附
204	234	1016	1046
费
268	297	1017	1048
加
236	264	1017	1048
燃
142	171	1016	1045
预
140	171	1093	1124
叫
204	232	1098	1127
车
234	263	1098	1128
服
266	296	1099	1128
务
297	327	1100	1129
费
330	358	1100	1131
约
173	201	1096	1125
实
144	172	1160	1187
额
248	280	1165	1193
卡
145	172	1228	1256
号
180	209	1226	1254
原
180	208	1293	1324
卡
148	176	1299	1328
额
218	247	1360	1391
卡
150	178	1369	1399
余
184	213	1364	1394
收
178	207	1160	1188
金
214	241	1164	1192
额
216	245	1293	1322
