存
91	134	44	82
根
84	127	157	197
单
179	208	785	816
位
219	249	786	816
电
178	207	864	896
话
219	249	866	896
车
220	249	944	974
京
349	380	947	977
号
256	286	945	976
证
232	257	1020	1048
号
261	292	1021	1050
日
173	201	1114	1142
期
210	239	1115	1144
机
85	124	1143	1180
时
170	199	1187	1217
打
84	123	1186	1224
间
207	236	1186	1218
发
82	120	1229	1268
单
167	196	1267	1296
价
202	232	1268	1298
票
80	119	1274	1312
手
77	117	1341	1380
里
162	192	1346	1377
程
202	232	1347	1378
写
77	114	1387	1426
等
161	192	1428	1460
候
199	230	1430	1461
无
73	114	1431	1469
效
72	111	1475	1516
状
154	189	1511	1543
态
197	228	1511	1544
金
154	186	1595	1628
额
197	228	1596	1628
油
187	217	1684	1716
附
221	253	1685	1717
加
255	287	1685	1718
费
291	322	1686	1719
燃
152	184	1684	1717
预
149	181	1772	1806
车
253	284	1773	1805
叫
220	250	1773	1806
服
288	319	1774	1807
约
185	216	1773	1806
务
323	354	1774	1807
费
359	389	1775	1812
收
189	219	1850	1883
额
266	308	1850	1884
金
227	259	1851	1884
实
147	179	1850	1883
卡
144	172	1930	1962
号
183	215	1926	1964
额
217	252	2002	2043
卡
141	172	2009	2042
原
182	213	2004	2043
卡
139	172	2088	2123
余
180	211	2088	2124
额
219	250	2089	2123
密
30	71	2176	2221
码
158	200	2179	2220
