单
194	226	314	344
位
238	270	316	347
电
192	223	392	421
话
238	269	393	422
车
238	270	472	504
号
276	311	473	507
京
382	415	476	510
证
247	279	558	592
号
283	317	559	593
日
189	218	664	697
期
228	260	666	699
机
92	135	697	740
打
93	135	744	790
时
187	218	747	782
间
227	258	746	783
发
94	134	794	837
单
185	217	836	870
价
223	255	837	871
票
92	134	843	885
手
92	134	916	958
里
183	215	922	955
程
224	256	923	957
写
94	133	965	1006
等
183	215	1008	1042
候
223	256	1010	1043
无
93	134	1011	1051
效
92	134	1056	1099
状
182	214	1094	1127
态
223	255	1094	1127
金
180	213	1178	1212
额
224	256	1180	1213
燃
181	213	1266	1297
油
217	248	1266	1297
附
252	284	1267	1297
费
323	354	1269	1300
加
286	318	1268	1299
预
181	213	1348	1381
叫
252	282	1350	1381
车
287	318	1351	1382
服
320	353	1351	1383
约
217	248	1349	1382
实
182	213	1422	1453
金
256	292	1420	1455
收
223	262	1422	1457
卡
180	213	1497	1532
卡
179	210	1571	1602
卡
179	210	1645	1675
余
217	250	1645	1676
务
357	389	1349	1388
费
391	424	1351	1382
额
299	336	1421	1458
号
221	250	1498	1529
原
216	251	1571	1606
额
256	290	1572	1606
额
256	289	1643	1678
