发
134	159	510	537
代
204	231	511	537
码
237	264	514	539
票
171	194	511	537
发
131	159	574	601
票
171	194	574	601
号
202	227	574	603
码
237	265	577	603
询
204	223	637	663
话
251	277	641	662
发
133	152	683	710
址
250	276	685	707
询
204	224	683	710
手
261	306	747	788
车
242	274	819	851
号
283	314	819	853
证
242	276	884	911
号
283	315	880	914
期
284	318	942	972
日
249	269	945	971
车
283	316	1001	1036
上
241	277	1005	1035
车
283	315	1065	1097
下
242	275	1070	1098
单
238	275	1127	1161
价
282	319	1127	1158
里
238	272	1190	1218
程
280	318	1188	1218
等
237	273	1247	1283
候
280	315	1248	1279
额
279	313	1313	1343
金
233	271	1314	1348
卡
150	189	1371	1409
号
195	230	1371	1407
额
275	311	1430	1462
原
229	265	1430	1466
额
272	310	1499	1532
余
228	266	1499	1538
查
180	203	637	663
查
179	203	683	710
发
132	155	637	663
票
153	177	637	663
电
224	250	637	663
票
157	178	683	711
网
226	248	684	713
写
342	390	744	787
无
424	475	743	787
效
506	558	743	783
