发
56	105	420	463
代
162	210	422	466
码
214	263	425	466
票
112	157	422	465
发
54	104	556	601
号
164	208	558	605
码
215	263	556	603
票
111	156	557	602
督
107	157	705	752
电
166	205	706	750
监
52	103	705	749
话
215	263	710	749
效
660	709	829	876
无
608	653	835	877
机
246	295	836	882
发
353	399	836	882
手
502	548	837	881
打
300	348	836	882
票
406	451	837	882
写
556	598	836	880
单
130	178	972	1022
位
184	232	976	1018
电
133	173	1063	1109
话
182	232	1066	1106
车
128	172	1154	1206
号
182	227	1155	1204
晋
337	385	1153	1202
日
135	163	1253	1294
车
181	226	1342	1397
上
121	172	1346	1392
车
179	224	1439	1494
下
123	168	1445	1490
单
120	169	1536	1591
价
177	228	1536	1588
里
120	168	1640	1685
程
176	227	1638	1685
状
117	170	1738	1786
态
180	225	1733	1784
等
119	168	1832	1890
候
177	227	1835	1884
额
175	226	1937	1984
金
115	171	1935	1989
密
173	223	2039	2100
码
233	291	2039	2094
期
184	232	1248	1297
卷
700	745	1248	1302
式
700	745	1300	1350
出
702	744	1352	1398
租
702	750	1403	1451
发
702	750	1454	1502
票
705	752	1505	1555
可
708	755	1562	1607
不
708	755	1612	1658
加
708	755	1663	1707
盖
710	760	1712	1763
企
710	760	1765	1812
业
716	760	1820	1864
戳
716	766	1869	1924
记
716	766	1928	1974
