机
61	100	549	586
打
62	100	592	630
发
63	100	634	675
票
62	100	677	717
手
61	100	745	785
写
62	100	790	828
无
63	100	833	872
效
61	100	876	916
单
147	176	186	216
位
186	216	186	216
电
148	176	264	295
话
188	217	266	295
车
190	219	343	372
号
224	255	343	372
京
316	345	344	372
证
199	228	419	448
号
232	262	420	448
期
184	212	514	544
日
148	175	516	544
间
184	212	585	616
时
148	177	587	617
价
182	212	665	696
单
148	177	666	697
里
146	175	745	776
程
183	213	742	773
候
182	213	823	853
等
146	176	824	854
状
144	176	903	933
态
183	212	900	930
额
185	215	978	1011
金
144	175	982	1014
费
276	304	1052	1084
加
242	272	1056	1088
油
178	206	1060	1095
燃
144	175	1065	1098
附
210	240	1057	1090
务
306	336	1130	1163
服
274	304	1133	1166
车
242	271	1137	1167
叫
211	239	1140	1171
预
144	176	1148	1184
费
340	367	1128	1159
约
179	208	1145	1178
实
146	176	1224	1256
号
184	211	1291	1323
卡
145	172	1296	1328
额
216	247	1357	1392
卡
144	175	1371	1401
额
218	248	1431	1465
余
182	212	1438	1471
卡
146	175	1444	1474
收
181	212	1218	1248
金
219	251	1212	1244
额
255	285	1207	1240
原
181	213	1365	1400
