发
61	104	360	400
代
156	199	377	417
票
112	150	371	408
码
205	246	389	425
发
60	105	477	518
票
112	152	488	526
监
57	104	611	651
电
164	199	627	666
督
108	154	617	660
话
208	252	636	670
机
237	281	750	790
发
336	380	759	800
打
286	330	754	795
无
580	622	762	798
手
478	522	763	801
效
630	675	759	799
写
530	570	762	800
票
387	430	762	801
单
127	172	874	920
位
178	224	882	918
电
128	166	960	1000
话
180	221	966	1000
车
128	170	1043	1087
号
181	221	1048	1090
晋
324	370	1056	1099
期
176	220	1128	1171
车
177	219	1210	1256
上
122	167	1208	1247
卷
688	731	1276	1316
车
178	220	1299	1347
下
125	166	1301	1339
筒
693	728	1322	1362
发
693	738	1370	1409
价
175	224	1390	1436
单
123	168	1385	1423
票
698	738	1418	1458
可
700	741	1470	1504
程
173	226	1482	1524
里
124	168	1482	1519
不
704	743	1517	1552
加
706	746	1563	1598
状
121	170	1576	1619
态
181	224	1575	1622
盖
710	751	1609	1650
企
713	756	1661	1700
候
173	226	1675	1719
等
120	166	1668	1725
业
717	758	1711	1747
额
174	223	1775	1822
金
115	169	1769	1820
号
160	202	493	545
码
207	257	495	548
日
131	165	1122	1171
戳
719	765	1750	1802
记
727	771	1803	1846
