机
56	92	542	577
打
54	92	584	622
发
56	90	626	663
票
56	90	669	707
写
52	88	778	815
无
54	89	820	855
效
52	87	861	897
手
54	90	735	772
位
182	212	188	217
单
142	169	186	214
电
143	171	264	294
话
184	212	264	294
号
220	250	341	372
京
314	342	344	373
车
186	214	342	369
号
227	256	417	447
证
194	223	416	445
日
141	168	510	539
期
178	207	511	540
时
140	168	583	612
间
176	205	581	612
单
139	165	661	691
价
173	202	661	691
里
136	165	738	768
程
174	203	738	768
等
136	164	815	844
候
172	202	816	844
状
133	163	893	923
态
172	201	892	922
金
132	161	971	1003
额
172	202	970	1001
附
196	227	1053	1084
费
263	292	1053	1086
加
229	259	1055	1084
燃
130	160	1056	1087
叫
196	224	1138	1168
预
128	159	1140	1173
车
229	256	1137	1168
约
163	192	1140	1171
额
240	270	1210	1242
实
127	157	1216	1247
卡
124	152	1292	1322
号
164	193	1288	1320
额
198	228	1356	1394
卡
122	152	1368	1399
原
158	191	1362	1396
卡
121	152	1443	1474
余
159	191	1440	1472
油
163	195	1056	1088
收
165	196	1216	1245
额
197	227	1439	1468
金
204	234	1211	1245
服
261	291	1136	1168
务
296	324	1134	1168
费
328	355	1135	1164
