机
71	106	537	572
打
75	107	577	612
发
77	110	616	650
票
79	110	656	691
无
82	112	800	834
效
80	112	839	874
手
77	112	717	756
写
79	112	760	796
单
144	172	186	216
位
183	212	186	215
电
146	173	264	293
话
185	213	264	293
车
188	216	340	368
号
222	252	340	368
京
312	346	339	369
证
196	224	414	443
号
228	257	414	444
日
148	173	508	536
期
182	209	508	536
间
184	212	576	607
时
150	177	577	605
单
155	180	648	676
价
187	213	650	678
程
188	216	723	752
里
152	179	723	752
等
153	179	798	827
候
187	215	800	828
状
155	183	872	900
态
190	217	873	901
金
156	184	944	972
额
194	221	945	974
油
189	216	1023	1051
加
250	277	1025	1053
费
281	308	1025	1054
附
219	246	1022	1052
燃
158	186	1022	1049
预
161	189	1096	1124
叫
222	248	1099	1126
车
252	277	1099	1126
费
343	371	1101	1129
约
192	219	1097	1125
实
165	192	1158	1184
收
200	224	1160	1186
金
233	260	1162	1188
额
267	295	1162	1190
号
201	227	1220	1248
卡
168	195	1220	1247
额
235	264	1286	1316
卡
169	196	1287	1313
原
203	231	1281	1315
卡
171	196	1353	1380
余
204	232	1353	1381
额
238	266	1353	1383
服
281	310	1100	1128
务
315	340	1100	1130
