机
60	100	540	576
打
61	100	583	621
发
61	100	624	664
票
60	99	668	707
手
60	99	734	773
写
60	98	778	816
无
60	100	821	860
效
59	99	864	904
单
147	176	185	216
位
186	216	185	216
电
148	176	262	292
话
188	218	263	292
车
189	219	336	363
京
318	348	335	364
号
224	256	336	364
证
198	228	410	440
号
232	263	410	440
期
184	212	505	536
日
148	175	506	536
时
147	176	579	609
间
184	212	577	608
价
180	210	657	689
单
145	175	658	689
里
144	174	736	766
程
182	212	735	764
等
144	175	814	845
候
180	212	814	844
状
144	175	893	924
态
182	212	892	924
额
184	215	971	1004
金
143	174	973	1005
费
277	307	1051	1084
附
210	241	1053	1085
加
243	273	1052	1085
油
176	207	1056	1089
燃
144	175	1058	1090
务
309	340	1132	1164
服
276	307	1135	1167
车
244	273	1136	1166
叫
211	240	1137	1168
预
143	175	1142	1176
约
178	208	1140	1173
实
144	174	1216	1248
号
184	212	1288	1321
卡
143	173	1291	1324
额
219	248	1362	1394
卡
143	174	1369	1402
额
219	249	1437	1469
余
181	213	1439	1472
卡
144	175	1443	1474
费
344	373	1131	1164
收
181	214	1213	1246
金
218	253	1211	1244
额
257	288	1206	1240
原
179	214	1365	1402
