车
221	252	979	1014
号
259	291	982	1014
手
156	189	1041	1073
号
254	290	1049	1081
期
254	288	1116	1148
日
223	243	1119	1144
写
155	186	1113	1142
无
152	185	1183	1209
上
214	248	1183	1211
车
255	286	1183	1217
车
253	285	1249	1284
效
149	184	1251	1279
下
213	245	1253	1280
单
209	244	1316	1351
价
250	285	1318	1351
里
207	241	1390	1418
程
247	283	1390	1420
等
205	240	1458	1493
候
244	281	1461	1491
金
201	240	1530	1563
额
243	278	1531	1564
卡
71	107	1621	1657
号
114	147	1624	1657
原
284	318	1694	1728
额
334	370	1695	1728
额
335	370	1746	1779
余
284	320	1743	1778
发
116	136	538	578
票
139	161	540	580
代
161	184	544	580
码
186	206	545	581
发
110	134	634	673
票
136	156	633	674
号
158	179	635	675
码
181	204	639	676
证
219	254	1049	1078
物
163	195	736	763
价
200	235	736	765
监
238	270	740	767
督
275	309	739	771
电
316	344	743	773
话
350	383	744	773
