存
119	165	6	51
根
115	160	125	168
代
206	253	697	739
发
97	144	701	743
码
262	309	697	738
票
154	197	699	742
发
95	143	763	804
号
207	251	759	803
码
261	309	759	800
票
152	196	761	804
电
224	267	833	884
话
275	327	832	884
投
100	150	838	886
诉
157	207	835	886
代
217	269	920	971
司
159	203	924	972
公
95	149	923	972
码
274	325	922	970
车
214	262	1009	1060
号
272	322	1008	1059
证
210	261	1097	1145
号
270	321	1096	1147
期
216	267	1185	1236
日
166	199	1188	1237
机
81	122	1258	1300
间
219	266	1275	1328
时
156	208	1275	1328
打
77	121	1315	1357
单
151	202	1368	1424
发
77	117	1371	1415
价
212	267	1367	1424
票
74	115	1429	1472
里
148	200	1464	1518
程
209	265	1463	1520
手
73	113	1487	1531
候
208	263	1568	1626
写
71	112	1548	1591
无
67	109	1607	1651
等
146	198	1568	1627
效
66	109	1665	1711
金
141	198	1667	1724
额
206	261	1668	1726
号
206	259	1770	1827
卡
141	194	1767	1825
额
269	325	1868	1926
卡
140	193	1867	1925
余
204	260	1868	1926
甘
422	481	994	1047
