机
61	101	560	599
打
61	101	606	646
发
63	100	651	691
票
60	100	697	737
手
64	99	768	807
写
59	97	814	852
无
60	98	858	895
效
57	97	901	939
单
148	179	180	211
位
189	220	181	212
电
148	178	262	292
话
191	221	264	293
车
196	227	342	372
号
232	264	344	374
京
328	358	347	376
证
208	238	422	453
号
242	273	423	454
期
191	221	524	556
日
153	181	525	556
间
189	221	602	636
时
151	181	604	636
单
150	180	688	720
价
185	216	688	720
里
147	177	771	801
程
187	219	770	801
等
146	177	852	884
候
184	216	853	884
状
144	176	933	963
态
184	216	931	962
金
143	176	1011	1043
额
186	217	1010	1041
费
280	310	1091	1124
加
245	276	1093	1124
附
211	241	1094	1124
油
177	208	1094	1126
燃
143	174	1097	1128
服
278	309	1175	1206
车
244	275	1176	1206
叫
211	240	1177	1207
预
142	173	1180	1212
约
177	207	1179	1210
费
346	376	1172	1207
金
220	250	1249	1280
实
142	172	1252	1284
卡
140	171	1326	1357
卡
138	168	1400	1430
原
176	207	1395	1427
额
212	243	1462	1494
余
175	206	1468	1496
卡
136	168	1471	1500
额
256	289	1248	1279
号
179	207	1325	1356
额
213	246	1395	1427
收
181	213	1250	1284
务
312	343	1172	1206
