机
48	86	528	565
打
47	85	572	610
发
48	83	615	652
票
44	83	658	696
手
42	80	724	763
写
41	78	769	807
无
40	79	812	850
效
39	76	856	893
单
140	168	172	203
位
180	209	174	204
电
139	168	251	281
话
180	209	252	282
车
181	209	329	358
号
216	246	330	360
京
308	338	332	361
证
188	217	405	434
号
220	252	405	435
日
135	162	499	528
期
171	200	499	529
时
132	160	572	601
间
168	197	570	602
单
129	159	650	680
价
164	193	650	679
里
126	155	727	757
程
163	193	727	756
等
124	153	806	836
候
160	191	806	836
状
120	152	884	916
态
158	190	884	916
额
159	190	965	996
金
118	149	966	998
费
248	279	1047	1079
加
216	246	1048	1080
附
181	212	1048	1080
油
148	179	1051	1083
燃
115	147	1053	1084
服
245	276	1129	1162
费
312	343	1130	1161
车
213	243	1132	1162
叫
180	210	1133	1163
预
112	143	1136	1171
约
148	177	1136	1167
务
280	308	1129	1161
额
224	256	1205	1236
实
110	140	1211	1244
号
145	176	1285	1318
卡
106	136	1288	1320
额
176	212	1357	1392
卡
104	136	1365	1397
卡
104	135	1443	1474
余
141	173	1439	1472
收
150	180	1208	1240
金
186	220	1206	1240
原
143	174	1361	1396
额
179	213	1435	1468
