位
207	236	527	559
单
169	198	530	560
电
170	198	604	637
话
209	237	605	635
京
336	364	677	708
号
244	275	681	711
车
211	239	682	710
号
251	281	754	783
证
220	248	754	783
期
204	232	846	876
日
171	196	848	876
机
88	125	880	916
间
203	230	915	945
时
168	195	916	946
打
88	125	921	956
发
86	123	960	994
价
199	227	987	1018
单
166	194	985	1019
票
86	122	998	1035
里
166	194	1064	1094
程
202	230	1064	1094
手
86	122	1063	1099
写
87	122	1105	1141
等
166	195	1141	1170
候
201	231	1141	1170
无
86	123	1145	1181
效
86	124	1185	1225
状
166	195	1216	1246
态
202	232	1216	1245
金
165	195	1292	1321
额
205	234	1292	1321
附
230	258	1370	1403
费
294	322	1371	1400
加
261	290	1371	1401
油
198	226	1371	1401
燃
166	195	1372	1402
车
262	290	1449	1478
务
322	354	1449	1489
预
166	196	1450	1480
叫
231	258	1450	1479
约
199	228	1449	1480
服
293	321	1449	1488
收
205	232	1517	1548
实
168	196	1519	1548
号
196	232	1589	1618
卡
166	194	1659	1689
余
200	232	1729	1762
卡
165	195	1730	1761
费
356	388	1447	1482
金
242	269	1516	1550
额
276	308	1514	1550
卡
165	199	1585	1622
原
198	238	1658	1696
额
233	269	1656	1691
额
236	269	1727	1763
