位
278	302	496	523
单
245	267	497	523
电
245	269	562	588
话
278	303	562	588
车
280	305	627	652
号
312	334	627	653
京
388	413	627	652
证
287	311	691	714
号
315	340	691	715
日
241	263	763	784
期
270	295	763	786
机
167	199	786	816
间
266	291	817	842
时
237	261	818	842
打
166	198	819	849
发
164	195	852	882
单
233	258	879	903
价
262	286	879	904
票
161	195	886	916
手
159	191	938	969
程
261	286	940	966
里
229	254	941	965
写
158	190	973	1004
等
228	253	1005	1030
候
259	284	1005	1030
无
156	189	1008	1039
效
155	188	1042	1077
状
225	251	1068	1096
态
257	283	1070	1096
金
224	250	1137	1163
额
259	284	1137	1163
油
253	277	1207	1234
费
337	362	1207	1234
燃
224	250	1208	1234
加
308	333	1207	1234
附
280	306	1207	1233
预
224	251	1275	1304
车
309	334	1277	1303
服
337	363	1277	1303
务
363	391	1277	1307
叫
282	306	1277	1303
约
253	279	1277	1304
实
226	251	1338	1364
卡
226	251	1464	1490
余
257	284	1526	1553
卡
226	252	1527	1553
费
390	422	1277	1306
收
256	284	1338	1365
金
291	317	1340	1369
额
321	350	1334	1369
卡
228	254	1400	1431
号
256	283	1398	1429
原
255	285	1463	1492
额
286	315	1464	1495
额
289	315	1525	1554
