发
104	139	592	627
码
222	255	595	628
代
184	217	592	628
票
145	176	592	628
发
105	138	672	706
号
181	213	673	708
票
145	176	672	706
手
246	300	885	933
无
427	480	888	935
写
339	388	887	934
效
518	569	887	936
车
228	264	968	1008
号
272	308	970	1010
证
228	266	1044	1076
号
272	307	1042	1081
期
272	308	1112	1149
日
236	257	1115	1146
车
270	306	1182	1223
上
226	265	1184	1220
车
268	305	1256	1296
下
227	263	1260	1296
单
224	262	1330	1372
价
268	308	1332	1372
里
223	261	1406	1440
程
267	307	1406	1441
等
222	261	1474	1518
候
266	304	1478	1515
额
266	302	1553	1590
金
220	260	1551	1590
卡
140	180	1612	1654
号
185	220	1614	1654
额
266	301	1683	1719
原
221	256	1681	1719
余
222	258	1752	1791
额
265	303	1752	1790
码
221	257	672	710
发
106	133	747	785
询
184	211	748	786
电
212	236	749	785
话
237	264	752	784
发
105	133	803	841
票
134	160	803	840
查
161	183	803	842
询
184	211	804	842
网
212	235	806	841
址
236	264	807	839
票
134	158	746	784
查
161	182	748	785
