机
55	95	538	576
打
56	94	582	620
发
55	92	624	663
票
53	92	668	706
手
52	91	735	773
写
51	88	780	816
无
49	88	822	860
效
48	88	865	905
单
144	173	178	208
位
184	214	180	209
电
144	172	256	287
话
185	214	259	288
车
185	215	336	365
号
220	252	337	366
京
314	344	338	367
证
193	223	412	441
号
227	258	412	442
期
178	207	507	536
日
142	169	508	536
间
176	205	580	611
时
140	169	580	610
单
138	168	659	690
价
172	203	659	689
里
135	165	737	768
程
172	203	736	768
等
134	164	817	848
候
171	202	817	848
状
132	163	898	929
态
171	201	896	928
额
171	202	979	1011
金
129	162	980	1011
费
264	293	1063	1095
加
229	260	1064	1095
油
162	192	1064	1096
附
196	227	1064	1095
燃
128	160	1065	1096
费
328	358	1146	1176
服
260	292	1147	1180
车
228	258	1149	1180
预
127	158	1150	1184
叫
195	224	1150	1181
约
161	192	1150	1183
务
295	325	1147	1180
实
126	156	1227	1259
卡
124	152	1303	1335
号
161	192	1302	1334
额
198	228	1379	1411
卡
121	153	1380	1414
卡
120	152	1463	1496
额
197	228	1459	1492
余
159	192	1460	1494
收
165	195	1227	1257
金
204	235	1225	1260
原
160	189	1379	1412
额
240	272	1224	1257
