码
124	165	457	498
代
68	113	453	498
号
70	111	542	589
码
124	167	546	587
车
209	251	941	988
号
264	307	941	989
手
124	172	971	1014
工
211	255	1018	1049
号
267	318	1012	1057
写
129	172	1042	1087
日
222	248	1084	1121
无
128	175	1117	1158
效
128	176	1188	1235
价
326	373	1288	1333
起
211	262	1290	1336
租
270	319	1293	1335
价
270	317	1360	1406
单
214	261	1360	1409
程
270	318	1435	1477
里
215	259	1438	1476
候
270	319	1505	1547
等
216	260	1502	1553
卡
92	127	1652	1688
号
135	168	1652	1687
税
204	253	871	916
号
262	304	870	919
上
210	261	1147	1194
车
271	313	1150	1197
下
216	258	1221	1267
车
270	313	1219	1267
金
216	259	1575	1617
额
270	318	1575	1617
期
270	321	1075	1128
