机
44	85	530	568
打
44	84	573	612
发
43	82	617	656
票
41	81	661	700
手
39	78	729	768
写
39	76	774	812
无
36	76	817	856
效
34	75	861	901
单
139	168	174	204
位
179	209	176	206
电
138	167	252	281
话
179	208	255	283
车
180	209	330	359
号
215	245	332	361
京
308	337	335	364
号
221	252	407	437
证
188	219	405	437
日
135	162	500	528
期
171	200	500	529
时
132	161	573	603
间
168	197	572	604
单
128	158	652	684
价
163	192	652	683
里
124	154	732	761
程
162	192	730	761
候
160	192	811	841
等
123	153	812	841
状
119	151	891	922
态
157	188	888	920
额
157	188	968	1000
金
116	148	972	1004
费
248	277	1048	1081
加
213	244	1050	1082
附
181	212	1052	1084
油
148	177	1053	1087
燃
114	145	1056	1089
务
276	308	1130	1162
服
244	275	1132	1164
车
212	242	1135	1166
叫
180	209	1137	1168
预
111	143	1141	1176
费
311	341	1128	1160
约
146	176	1140	1172
额
224	254	1204	1240
实
110	141	1217	1251
收
150	180	1214	1246
卡
108	136	1295	1328
号
145	176	1291	1324
额
180	212	1357	1397
卡
105	136	1373	1406
原
142	173	1364	1401
卡
104	135	1452	1483
余
140	173	1445	1480
金
185	219	1212	1245
额
179	211	1440	1476
