机
60	99	548	584
打
60	99	591	630
发
61	96	634	674
票
60	96	679	718
手
63	96	748	787
写
61	94	793	832
无
61	95	838	876
效
60	94	880	922
单
148	177	185	216
位
188	217	186	216
电
148	176	263	294
话
188	218	264	294
车
191	220	341	370
京
319	348	342	372
号
226	256	342	372
证
200	228	417	447
号
232	264	417	447
期
184	212	513	544
日
148	174	514	544
时
146	176	588	619
间
183	211	587	619
单
144	174	669	700
价
179	208	669	700
里
141	172	750	780
程
180	210	748	781
候
178	211	831	862
等
141	172	832	863
状
139	171	914	946
态
179	209	912	945
额
180	211	996	1028
金
138	169	997	1030
费
275	304	1080	1113
油
172	202	1083	1116
加
239	270	1081	1114
燃
138	168	1084	1117
附
206	234	1081	1115
服
272	303	1167	1200
车
240	269	1168	1201
叫
206	235	1170	1202
预
136	168	1171	1204
务
307	336	1164	1197
约
172	202	1172	1204
实
137	168	1248	1279
号
173	205	1324	1357
卡
135	160	1324	1357
卡
134	166	1400	1431
卡
135	167	1475	1507
余
172	204	1476	1508
费
341	370	1163	1199
收
174	208	1247	1278
金
214	247	1244	1280
额
252	284	1243	1280
原
172	207	1400	1436
额
210	245	1400	1435
额
210	244	1476	1508
