码
231	267	649	680
代
193	229	650	685
票
153	187	654	688
发
113	148	655	691
号
190	227	733	771
票
149	186	735	773
发
109	146	736	775
码
229	267	731	768
效
532	572	979	1018
无
488	524	981	1020
机
149	189	996	1036
打
195	236	994	1034
手
398	427	986	1025
写
437	474	985	1022
票
293	330	992	1031
发
245	283	994	1031
间
166	227	1436	1490
时
118	164	1441	1494
务
148	186	818	860
服
109	148	820	860
热
187	227	818	858
线
228	268	816	855
卡
98	152	2107	2173
余
155	214	2105	2170
额
219	281	2105	2168
车
124	179	1079	1136
号
182	237	1078	1131
单
126	177	1167	1221
位
185	237	1167	1220
电
123	176	1253	1307
话
184	236	1254	1307
日
128	165	1348	1397
期
182	233	1342	1394
单
115	168	1524	1582
价
172	228	1520	1577
里
113	166	1617	1673
程
171	226	1614	1670
等
107	162	1712	1768
候
168	224	1709	1765
金
103	158	1808	1868
额
162	221	1804	1864
卡
101	158	1903	1965
号
160	222	1902	1963
卡
99	155	2006	2064
原
161	218	2002	2064
额
222	283	2004	2062
