发
57	102	463	512
代
163	212	463	509
码
218	267	466	510
票
111	156	463	510
发
55	105	608	655
号
167	213	610	659
码
220	270	613	657
票
114	160	609	658
督
114	164	765	814
电
173	213	767	811
话
217	272	770	811
监
58	108	765	810
发
361	407	899	946
效
678	729	899	946
手
515	563	902	947
机
251	301	900	946
无
625	671	903	945
打
307	355	899	946
写
571	615	902	947
单
131	180	1055	1107
位
187	237	1060	1102
电
130	171	1150	1196
话
186	237	1149	1195
车
128	173	1246	1299
号
183	229	1248	1298
晋
339	390	1246	1296
日
134	162	1348	1388
期
179	226	1342	1391
车
176	223	1436	1490
上
117	167	1436	1483
车
177	222	1535	1590
下
119	165	1529	1586
单
116	164	1633	1688
价
171	224	1637	1687
里
117	164	1737	1780
程
173	224	1736	1783
状
113	165	1839	1886
态
175	220	1836	1887
等
110	161	1936	1995
候
168	219	1941	1989
金
103	159	2045	2096
额
165	217	2048	2095
票
408	463	899	946
卷
719	765	1507	1559
筒
722	761	1566	1610
发
721	765	1615	1666
票
722	767	1669	1720
可
722	774	1729	1771
不
723	768	1778	1824
加
724	770	1830	1873
盖
724	770	1882	1931
企
725	771	1937	1985
业
725	771	1991	2035
戳
726	776	2043	2099
