物
118	148	683	709
价
154	186	683	711
督
226	259	685	714
电
265	291	686	712
监
190	222	685	710
话
297	330	687	711
车
173	203	920	954
号
211	241	921	954
手
111	143	984	1017
号
210	240	986	1021
证
170	204	990	1017
写
110	139	1055	1085
期
207	239	1056	1088
日
176	195	1059	1085
车
207	238	1123	1159
上
166	200	1125	1154
无
106	139	1126	1154
车
205	236	1194	1230
效
104	137	1196	1226
下
167	196	1196	1227
单
162	195	1264	1301
价
202	236	1265	1299
程
199	233	1340	1372
里
160	192	1341	1370
等
157	190	1411	1449
候
197	232	1414	1446
金
153	191	1487	1522
额
195	229	1490	1522
卡
27	62	1582	1620
号
69	102	1585	1621
额
287	321	1658	1692
原
236	270	1658	1693
额
286	321	1710	1744
余
235	272	1706	1743
发
70	92	488	528
票
94	116	488	528
代
116	138	488	528
码
140	160	488	528
发
70	90	582	622
票
92	112	582	622
号
112	134	582	622
码
135	157	582	622
