存
5	52	79	122
根
5	50	203	243
单
128	156	813	842
位
167	197	813	843
电
129	158	889	919
话
170	199	890	920
车
174	203	967	995
京
302	332	967	996
号
209	239	967	997
证
186	214	1042	1070
号
218	247	1043	1071
期
172	200	1136	1165
日
135	162	1137	1164
机
48	87	1167	1204
间
171	200	1208	1239
时
134	162	1209	1239
打
48	86	1211	1249
发
49	85	1255	1293
单
134	163	1287	1319
价
169	198	1288	1318
票
48	86	1298	1336
手
48	86	1365	1404
程
172	202	1366	1396
里
134	161	1367	1397
写
48	85	1411	1449
等
134	164	1448	1480
候
171	202	1448	1478
无
49	87	1455	1493
效
49	87	1499	1538
状
133	165	1531	1562
态
173	204	1529	1561
额
176	206	1613	1645
金
133	165	1614	1647
费
273	302	1698	1730
油
169	199	1701	1734
加
238	268	1699	1732
附
203	234	1700	1732
燃
134	166	1704	1736
服
273	302	1785	1818
车
239	269	1787	1818
叫
205	234	1788	1819
预
136	167	1791	1826
约
171	201	1790	1823
实
137	169	1869	1903
金
211	246	1866	1899
号
174	208	1947	1980
卡
137	167	1950	1982
额
212	247	2018	2057
卡
138	169	2031	2063
原
179	210	2019	2060
额
218	248	2102	2138
卡
140	172	2110	2145
余
180	211	2107	2142
码
163	205	2199	2238
密
34	76	2207	2250
务
303	338	1785	1818
收
175	208	1867	1900
额
252	287	1861	1897
费
339	373	1780	1816
