发
90	137	476	517
代
190	235	467	517
码
239	284	478	516
票
143	185	477	518
发
89	133	608	648
码
239	284	609	647
号
191	233	608	650
票
141	184	608	649
督
237	274	691	727
电
285	318	691	725
话
324	361	691	726
监
194	230	692	726
编
370	404	780	816
号
413	450	780	815
单
283	318	782	818
营
238	274	783	818
位
326	362	781	817
经
194	230	784	817
电
197	230	876	911
话
237	274	875	913
证
191	229	970	1005
号
237	274	971	1005
车
189	227	1065	1103
号
235	274	1066	1102
陕
329	371	1063	1106
期
234	271	1164	1203
日
195	219	1168	1203
车
233	272	1266	1308
上
185	226	1268	1307
车
233	272	1372	1414
下
186	226	1374	1414
机
65	104	1437	1478
单
186	226	1480	1521
价
234	273	1480	1522
打
66	103	1483	1522
发
66	103	1528	1567
里
185	225	1588	1627
程
233	273	1588	1629
票
65	103	1573	1614
手
62	101	1644	1685
写
63	99	1691	1732
等
185	223	1697	1739
候
233	274	1697	1739
无
60	99	1738	1779
效
59	98	1785	1827
额
233	274	1807	1850
金
184	224	1808	1850
