发
91	113	519	544
代
150	175	520	545
码
179	206	522	547
票
119	143	519	545
发
87	110	579	605
票
115	140	580	605
发
85	107	638	664
询
172	197	640	667
电
205	227	641	666
话
233	260	644	667
票
112	136	639	665
查
142	166	639	666
发
85	107	683	709
网
192	213	687	711
址
218	250	688	710
询
163	188	685	711
票
109	133	683	709
查
136	160	683	711
手
188	229	746	785
写
262	301	749	787
无
332	375	751	789
车
170	198	812	843
号
205	233	814	845
证
165	195	872	897
号
200	229	871	903
期
197	227	930	960
日
168	186	931	955
上
158	188	987	1015
车
193	221	987	1019
车
193	223	1044	1073
下
158	187	1048	1073
单
160	191	1098	1129
价
195	228	1099	1128
里
163	191	1154	1178
程
197	228	1153	1179
候
197	228	1207	1233
金
163	194	1260	1288
额
199	227	1261	1287
卡
100	131	1306	1338
号
135	164	1306	1337
额
199	228	1356	1381
原
165	193	1355	1384
额
200	228	1410	1435
余
165	196	1409	1438
号
142	172	579	609
码
178	205	583	610
效
403	450	750	792
等
166	192	1200	1237
