发
226	269	732	771
手
387	429	732	774
此
148	189	733	767
效
634	679	734	772
无
549	593	735	771
写
470	507	734	773
票
308	348	732	774
话
271	316	843	891
日
218	243	1059	1094
上
206	249	1128	1167
车
259	299	1128	1176
车
258	298	1202	1251
下
207	246	1205	1244
价
256	301	1278	1322
里
213	254	1337	1372
程
265	308	1339	1379
候
204	246	1407	1449
时
259	301	1411	1456
额
250	295	1487	1531
金
198	244	1480	1523
号
251	292	1559	1600
卡
199	241	1550	1593
电
226	267	841	882
号
269	310	913	954
车
217	258	909	950
期
267	308	1054	1095
粤
311	361	909	954
单
201	255	1278	1322
证
206	254	979	1032
号
268	307	981	1034
监
124	161	325	364
督
162	198	324	364
电
203	237	323	361
话
241	278	325	358
