机
59	99	537	573
打
60	98	580	618
发
60	97	622	660
票
59	97	666	704
手
57	96	733	772
写
58	95	778	816
无
57	96	822	860
效
56	95	864	904
单
145	175	176	207
位
185	215	179	209
电
146	175	254	285
话
188	217	257	287
车
189	219	333	362
京
318	347	336	365
号
224	256	335	364
证
199	228	410	440
号
232	262	411	441
日
147	174	504	533
期
184	212	504	534
时
145	175	577	608
间
182	211	576	608
单
144	174	656	688
价
180	208	656	687
程
180	210	734	764
里
142	172	736	765
等
143	172	815	846
候
180	210	815	846
状
140	172	895	927
态
180	211	893	925
额
182	212	974	1006
金
140	172	976	1009
费
275	304	1056	1091
附
208	238	1059	1093
加
241	272	1058	1090
油
175	204	1060	1095
燃
140	172	1064	1097
务
308	338	1139	1171
服
274	304	1141	1174
车
242	271	1144	1176
叫
208	237	1145	1179
预
140	172	1151	1187
约
176	205	1148	1182
实
140	171	1229	1264
号
180	209	1306	1342
卡
139	167	1309	1345
额
215	248	1381	1419
卡
138	170	1392	1427
额
216	248	1464	1500
余
177	210	1467	1502
卡
138	171	1472	1506
收
179	210	1225	1261
金
217	251	1223	1256
原
176	210	1385	1424
额
254	288	1218	1254
费
340	373	1137	1171
