发
115	149	629	662
代
187	221	631	665
码
221	255	633	665
票
151	186	632	663
发
112	146	708	743
票
146	182	711	744
机
137	176	951	986
发
221	258	953	988
效
473	512	954	989
打
180	219	952	988
无
432	469	954	989
手
347	387	953	988
票
264	302	953	989
写
391	426	956	988
号
167	214	1032	1076
车
115	162	1031	1075
单
110	158	1110	1155
位
163	209	1110	1156
电
112	154	1189	1234
话
160	209	1191	1235
期
155	204	1271	1317
日
113	144	1275	1315
间
157	197	1352	1399
时
101	149	1353	1400
单
97	145	1436	1485
价
148	198	1436	1484
程
145	195	1520	1568
里
92	141	1521	1566
候
143	191	1605	1652
等
90	139	1604	1653
金
83	134	1690	1738
额
138	189	1690	1739
号
133	183	1777	1825
卡
79	130	1775	1825
号
184	217	709	750
码
220	256	711	746
服
104	146	785	825
务
145	180	789	828
热
179	219	784	830
线
215	256	788	832
元
684	732	1443	1492
k
660	686	1529	1570
m
691	734	1540	1570
元
682	731	1701	1748
