码
105	145	860	892
码
110	149	935	968
号
62	100	935	971
税
181	228	1214	1254
号
238	279	1279	1321
车
188	226	1280	1325
手
108	153	1311	1353
工
189	229	1356	1384
号
240	281	1347	1390
写
112	152	1380	1423
日
198	223	1420	1454
无
112	155	1452	1492
上
190	235	1484	1521
效
112	158	1521	1564
车
246	286	1545	1591
下
195	234	1551	1590
起
193	240	1616	1656
租
247	293	1615	1656
价
300	345	1610	1652
单
198	240	1680	1728
里
199	241	1755	1792
程
250	295	1752	1791
候
251	297	1818	1859
等
199	243	1818	1865
金
200	245	1888	1931
代
56	106	856	898
号
233	286	1206	1259
期
242	286	1413	1455
车
248	283	1483	1519
价
252	289	1680	1726
额
256	300	1886	1928
