无
67	93	823	854
效
68	106	859	893
机
62	102	537	576
打
64	103	581	623
发
63	102	626	665
票
64	102	671	711
手
64	104	738	776
写
65	103	782	816
无
67	107	821	856
单
148	177	184	212
位
188	218	184	213
电
149	178	256	286
话
190	221	258	287
车
194	223	333	362
号
229	260	333	363
京
324	354	334	364
证
204	235	408	438
号
237	268	408	440
日
152	180	504	534
期
189	219	504	535
间
188	218	578	611
时
151	181	579	611
单
151	180	661	693
价
186	217	662	693
程
188	220	740	771
里
150	181	741	771
等
151	182	816	845
候
188	220	816	846
状
152	184	890	918
态
190	221	888	918
金
153	184	960	987
额
193	224	960	989
燃
157	188	1028	1053
油
188	217	1029	1054
附
220	248	1031	1057
加
252	282	1034	1060
预
158	189	1093	1120
叫
223	252	1097	1122
服
285	314	1101	1125
约
191	220	1095	1121
务
316	347	1100	1128
费
286	314	1032	1060
车
253	283	1097	1123
费
350	376	1101	1130
实
162	190	1150	1178
收
196	226	1152	1179
金
232	262	1155	1181
额
267	296	1156	1186
卡
162	189	1207	1236
号
194	222	1210	1240
卡
162	191	1267	1294
原
196	224	1265	1296
额
226	260	1270	1300
卡
164	193	1324	1352
余
197	223	1325	1353
额
230	261	1328	1358
