发
117	161	484	523
代
215	260	483	523
码
264	308	485	523
票
168	210	483	524
发
115	161	553	593
码
264	308	555	594
号
217	256	554	595
票
167	209	553	594
机
227	262	795	827
打
266	301	795	827
发
305	341	796	828
手
410	442	797	830
效
528	563	797	827
写
450	480	799	829
无
489	522	799	827
票
346	379	796	830
单
115	153	915	954
代
199	236	918	953
码
242	278	921	953
位
156	194	919	950
电
119	148	979	1012
话
156	194	981	1011
车
115	150	1039	1078
号
157	192	1042	1077
鲁
240	279	1041	1079
证
114	153	1105	1134
号
157	192	1104	1139
期
155	191	1165	1201
车
157	191	1225	1262
上
112	151	1226	1257
车
156	190	1287	1323
下
115	148	1289	1320
单
112	150	1346	1384
价
155	193	1348	1383
里
112	148	1412	1441
程
154	192	1411	1443
候
152	191	1472	1504
等
112	148	1468	1507
状
111	149	1534	1566
态
156	190	1531	1567
金
108	149	1593	1627
额
152	189	1595	1628
卡
109	146	1653	1691
号
153	187	1656	1692
密
126	170	1765	1813
码
178	229	1769	1813
日
116	148	1163	1201
