发
136	179	489	526
代
240	283	497	534
票
189	231	493	529
码
292	336	504	537
码
286	331	599	634
号
237	277	593	631
票
183	225	589	627
发
129	173	584	626
信
124	168	685	721
息
203	244	688	729
码
278	324	696	733
机
314	354	915	951
发
410	449	920	956
打
363	403	917	953
手
538	578	928	960
无
635	673	932	963
效
682	723	932	966
票
459	499	922	957
写
588	624	929	963
单
132	182	1038	1083
位
213	265	1044	1081
电
131	172	1107	1152
话
207	261	1115	1152
车
119	167	1181	1229
号
204	252	1185	1230
蒙
316	364	1187	1234
证
110	166	1259	1298
号
198	247	1258	1305
日
116	147	1338	1377
期
189	242	1334	1383
上
96	151	1414	1458
车
186	236	1414	1467
车
180	231	1496	1549
下
94	145	1499	1543
单
82	138	1574	1631
价
173	230	1580	1632
里
75	129	1668	1711
程
165	223	1669	1718
等
67	125	1749	1809
候
158	216	1757	1807
状
57	117	1845	1896
态
155	209	1843	1900
金
49	112	1935	1992
额
144	204	1940	1994
