代
190	236	405	446
发
91	138	406	447
码
241	285	406	445
票
143	185	405	448
号
193	234	473	518
发
90	137	474	515
票
142	185	474	516
码
240	285	474	514
效
513	547	709	739
机
203	241	711	745
打
245	279	711	744
手
392	424	711	746
无
472	505	711	741
发
285	321	712	745
票
327	360	712	746
写
432	463	712	744
单
86	125	827	867
代
174	214	831	868
码
219	258	834	868
位
130	170	831	865
电
89	120	891	927
车
84	120	953	994
号
129	166	954	994
鲁
219	257	954	995
号
128	165	1018	1058
证
80	122	1020	1053
期
125	162	1084	1122
车
124	160	1147	1191
上
76	114	1149	1186
车
122	159	1215	1258
下
77	113	1218	1255
单
72	112	1282	1327
价
118	160	1284	1324
程
116	158	1356	1393
里
69	109	1357	1393
等
67	107	1422	1469
候
114	154	1426	1464
状
64	107	1498	1537
态
116	153	1494	1538
金
62	106	1567	1610
额
111	152	1570	1609
卡
60	103	1638	1686
号
111	150	1640	1685
密
80	130	1769	1829
码
139	198	1772	1826
话
129	173	892	929
日
84	114	1085	1122
