代
214	240	568	623
发
149	176	572	627
票
182	207	570	628
发
147	174	673	729
号
213	236	669	729
票
180	206	671	730
电
246	284	748	790
话
290	333	746	789
督
196	237	750	793
监
147	190	752	794
电
342	381	799	841
话
387	431	798	842
服
290	333	800	843
客
243	284	802	844
公
145	190	806	847
司
195	232	805	845
单
221	263	860	903
位
271	314	859	902
车
220	262	947	993
号
271	315	948	991
号
274	317	1027	1067
工
223	266	1031	1065
期
278	320	1101	1141
日
234	265	1104	1140
间
285	322	1175	1214
时
233	274	1175	1214
单
237	278	1251	1291
价
286	328	1251	1292
里
241	282	1323	1359
程
290	331	1322	1360
等
243	284	1402	1443
候
291	334	1404	1442
额
295	337	1474	1513
金
247	286	1475	1512
卡
256	296	1615	1657
号
300	345	1615	1657
卡
259	303	1680	1714
原
305	345	1680	1714
额
351	395	1680	1714
卡
264	307	1737	1769
余
313	351	1737	1769
额
356	397	1737	1769
除
175	215	1496	1536
客
180	218	1539	1581
户
184	214	1583	1617
名
188	222	1623	1656
称
190	230	1660	1691
外
196	232	1697	1724
手
201	236	1728	1756
写
208	238	1761	1785
无
216	248	1789	1813
效
222	257	1816	1836
皖
367	426	936	996
A
424	468	936	996
码
244	273	568	623
码
239	271	671	725
