存
31	79	112	155
根
30	79	240	285
单
151	180	896	928
位
192	223	897	928
电
152	181	979	1010
话
194	223	979	1011
车
195	226	1061	1091
京
328	359	1061	1092
号
233	264	1061	1092
号
240	271	1140	1170
证
207	236	1139	1169
期
192	221	1238	1267
机
65	105	1270	1307
时
152	182	1313	1344
打
66	105	1314	1354
间
190	220	1312	1344
发
67	103	1359	1398
单
152	181	1395	1426
价
187	217	1395	1426
票
64	103	1405	1443
手
64	103	1473	1513
里
150	179	1477	1508
程
188	219	1476	1508
写
64	101	1520	1560
等
150	180	1560	1592
候
188	219	1560	1591
无
63	103	1565	1604
效
63	102	1610	1652
状
148	181	1645	1677
态
189	220	1644	1678
金
149	180	1730	1764
额
192	222	1730	1763
费
289	319	1818	1852
油
185	215	1820	1854
加
254	285	1820	1853
附
219	251	1819	1853
燃
149	182	1823	1855
服
289	320	1908	1942
车
255	285	1910	1942
预
149	182	1912	1948
叫
221	250	1911	1943
约
186	217	1912	1946
金
229	262	1987	2024
实
151	182	1992	2026
号
182	222	2072	2106
卡
150	182	2239	2272
额
230	260	2234	2267
余
190	222	2235	2270
码
173	213	2327	2369
密
42	84	2334	2379
收
183	220	1992	2026
日
153	184	1234	1269
额
268	303	1987	2024
卡
148	181	2070	2108
卡
149	182	2155	2192
原
187	224	2154	2190
额
226	261	2151	2186
务
322	358	1904	1941
费
358	389	1904	1937
