位
240	266	396	421
单
204	230	397	421
话
239	265	461	487
电
202	228	462	488
车
237	265	527	552
号
270	299	527	553
京
356	385	526	553
证
245	272	593	620
号
275	303	594	620
日
196	221	678	704
期
229	255	678	705
机
115	151	705	738
打
116	152	743	777
时
193	220	743	770
间
227	253	742	771
发
115	149	781	815
单
190	218	814	841
价
222	250	815	841
票
113	148	820	853
手
111	147	879	913
里
187	214	884	911
程
223	250	885	911
写
111	146	919	952
等
187	214	955	982
候
220	249	955	982
无
108	145	957	989
效
107	144	993	1028
状
184	212	1025	1051
态
219	247	1024	1052
金
181	210	1095	1123
额
219	248	1095	1123
附
241	269	1170	1199
加
271	300	1171	1200
费
303	331	1173	1201
预
177	207	1243	1272
车
270	297	1246	1274
叫
239	267	1246	1273
服
300	328	1247	1275
约
209	237	1245	1273
实
176	205	1310	1338
卡
174	202	1378	1407
卡
171	199	1447	1476
卡
168	197	1518	1547
余
203	233	1517	1548
额
239	272	1516	1547
额
243	270	1445	1478
原
201	233	1445	1479
号
209	236	1376	1411
燃
180	212	1168	1201
油
213	240	1168	1200
务
330	362	1243	1279
费
363	392	1246	1279
收
212	241	1308	1341
金
247	275	1309	1345
额
279	310	1308	1341
