码
204	242	701	745
发
76	116	699	746
代
162	201	700	745
票
121	157	700	748
发
76	116	790	835
码
204	243	791	835
号
164	199	790	838
票
120	158	790	836
门
239	281	862	911
运
71	120	864	909
管
126	176	861	911
部
181	231	862	912
电
185	229	923	969
话
235	287	922	968
督
127	175	922	970
监
71	123	923	969
效
480	524	1077	1120
手
239	283	1078	1121
无
401	443	1080	1120
开
320	363	1081	1120
单
80	130	1179	1230
位
138	186	1179	1229
话
137	187	1248	1297
电
84	127	1251	1299
车
78	127	1320	1371
号
137	186	1319	1369
证
77	128	1393	1441
号
137	185	1391	1442
期
135	183	1463	1516
日
86	118	1466	1514
车
213	262	1535	1589
下
153	203	1537	1589
上
74	124	1541	1590
价
133	184	1612	1666
单
72	124	1613	1669
程
131	183	1691	1745
里
71	122	1692	1743
金
70	121	1769	1823
额
131	183	1767	1822
等
69	120	1845	1902
候
130	182	1845	1901
状
70	122	1924	1977
态
131	182	1923	1975
/
127	153	1542	1594
