机
39	79	513	552
打
38	78	557	597
发
36	74	601	640
票
32	73	645	683
手
29	68	712	751
写
27	66	757	796
无
23	64	800	838
效
21	61	843	885
单
140	169	159	189
位
180	210	160	191
电
137	166	235	266
话
179	209	239	268
车
178	208	315	344
号
213	244	317	347
京
306	337	322	352
证
184	215	392	422
号
217	248	394	424
日
128	156	486	515
期
164	194	487	517
时
124	154	560	590
间
161	190	560	592
单
119	149	640	671
价
155	184	640	672
里
112	144	718	748
程
152	184	718	749
等
111	142	798	830
候
148	180	800	832
状
105	137	880	912
态
144	176	880	912
金
101	134	963	995
额
143	176	963	996
油
132	163	1051	1084
加
200	232	1052	1084
费
235	265	1052	1085
附
166	199	1051	1084
燃
97	129	1052	1084
车
196	228	1140	1172
务
264	297	1140	1174
费
300	329	1140	1174
叫
163	194	1140	1173
服
230	262	1140	1173
预
92	127	1139	1174
约
128	160	1140	1173
金
168	202	1214	1252
收
130	161	1217	1251
实
88	122	1218	1251
卡
84	116	1300	1334
号
125	156	1300	1334
卡
79	112	1382	1417
原
117	152	1378	1416
额
153	188	1464	1498
卡
75	108	1464	1500
余
115	148	1464	1499
额
208	240	1217	1254
额
158	192	1379	1418
