代
19	65	748	792
号
26	68	838	883
码
77	122	840	880
号
212	257	1247	1296
手
67	116	1276	1322
车
154	198	1244	1296
工
154	200	1329	1360
号
213	258	1322	1372
写
69	113	1353	1401
无
68	114	1433	1476
上
154	202	1471	1512
效
68	118	1506	1556
下
156	200	1548	1591
车
212	257	1544	1595
价
269	320	1621	1671
起
144	204	1618	1679
租
211	263	1624	1676
里
154	201	1777	1814
程
212	262	1776	1817
金
158	209	1905	1948
额
217	264	1906	1949
卡
31	68	1981	2022
号
77	111	1983	2020
额
333	367	2069	2101
原
288	323	2069	2103
额
332	368	2123	2155
余
288	324	2121	2158
码
73	117	750	795
税
151	204	1170	1219
号
210	262	1173	1224
日
154	201	1396	1440
期
213	261	1399	1447
车
210	259	1468	1521
单
151	202	1695	1746
价
210	258	1699	1746
等
150	202	1836	1887
候
211	262	1840	1888
