单
211	237	226	252
位
247	275	227	254
电
208	235	291	318
话
246	273	294	320
车
245	271	360	386
号
277	305	363	389
证
250	277	426	454
号
280	308	430	456
日
199	224	506	533
期
232	259	509	537
机
117	152	528	561
打
116	152	565	600
时
195	222	571	599
间
229	255	573	603
发
113	149	603	637
单
190	218	641	668
价
223	250	643	671
手
107	144	701	733
里
186	213	709	737
程
221	249	712	740
写
107	143	738	772
等
183	212	778	806
候
218	247	781	810
状
179	208	849	877
态
215	245	851	879
金
176	206	920	949
额
214	244	922	952
燃
172	201	997	1026
油
203	232	999	1026
费
297	325	1004	1034
加
265	295	1000	1031
附
235	264	999	1029
预
168	199	1072	1103
叫
232	261	1076	1105
车
263	291	1078	1107
约
201	229	1074	1105
实
165	194	1140	1169
号
195	225	1212	1241
卡
155	187	1280	1310
卡
152	182	1352	1383
余
187	218	1353	1385
服
293	324	1075	1114
务
327	354	1079	1114
费
356	385	1080	1116
收
198	232	1141	1177
金
236	267	1142	1177
额
271	306	1143	1181
卡
160	194	1209	1244
原
192	223	1280	1315
额
227	258	1279	1317
额
222	253	1353	1386
无
103	143	777	816
票
109	149	641	678
效
100	139	816	851
京
361	392	366	400
