机
44	84	539	577
打
44	83	584	623
发
44	81	628	666
手
42	81	740	780
写
42	80	787	825
无
42	81	830	867
效
42	80	873	913
票
43	82	672	712
单
134	164	169	200
位
175	205	170	200
电
133	164	248	280
话
176	206	250	280
车
177	208	329	359
号
213	244	330	360
京
309	340	331	361
证
186	216	408	438
号
220	252	408	439
日
133	160	507	536
期
169	199	507	537
时
131	160	583	613
间
168	198	581	614
单
129	160	664	696
价
165	196	664	695
里
127	158	744	775
程
166	197	744	774
等
127	159	825	856
候
165	196	825	856
状
127	158	906	936
态
166	197	905	936
金
128	158	983	1012
额
169	200	983	1012
油
164	192	1060	1089
燃
129	162	1061	1090
费
264	293	1062	1092
加
229	260	1062	1091
附
196	227	1061	1090
预
131	162	1137	1167
车
231	260	1139	1167
服
263	293	1140	1168
叫
198	227	1140	1167
费
328	367	1140	1169
务
296	326	1140	1172
约
165	194	1138	1167
实
133	163	1204	1232
额
244	274	1205	1234
卡
132	161	1273	1303
号
172	200	1274	1303
卡
132	163	1344	1372
额
204	235	1344	1372
卡
133	162	1411	1438
额
205	235	1412	1438
余
169	199	1411	1439
收
170	200	1204	1234
金
208	237	1205	1236
原
168	197	1344	1373
