码
382	411	195	234
代
341	370	198	237
发
260	290	203	243
票
302	329	201	242
号
339	367	296	342
码
379	409	294	336
发
257	288	302	343
票
298	328	298	343
单
256	291	543	579
位
300	335	545	576
车
256	288	605	641
号
300	333	605	641
证
253	290	669	699
号
299	332	666	703
车
299	332	790	827
上
252	289	792	824
车
298	331	853	890
下
254	287	856	888
单
252	288	915	954
价
297	335	916	952
里
251	286	982	1013
程
296	334	981	1014
等
251	286	1041	1080
候
295	332	1044	1077
状
248	286	1108	1140
态
297	330	1104	1141
含
246	282	1233	1270
卡
245	283	1296	1336
号
292	328	1299	1336
额
290	327	1365	1399
原
242	279	1364	1401
额
289	325	1431	1465
余
241	281	1428	1467
金
250	284	1171	1207
额
292	332	1171	1205
电
288	322	1236	1273
调
326	366	1234	1269
费
370	401	1231	1274
日
255	287	728	765
期
295	334	728	765
