机
48	88	545	583
打
48	88	589	628
发
50	87	632	670
票
51	89	676	708
手
56	93	735	768
写
60	95	773	807
无
60	98	811	846
效
60	97	852	890
单
138	168	180	210
位
178	208	181	209
电
137	165	257	288
话
178	208	258	288
车
180	209	336	367
号
216	248	337	368
京
312	343	338	368
证
188	219	416	445
号
221	254	416	447
日
136	163	513	542
期
172	201	513	543
时
135	164	587	618
间
172	200	586	618
单
134	164	668	697
价
168	198	668	697
里
138	167	738	765
程
173	204	740	767
等
141	170	809	838
候
176	207	805	838
状
140	170	884	915
态
178	207	885	916
金
140	169	964	995
额
179	209	964	996
费
271	299	1048	1080
加
237	267	1048	1080
附
204	235	1048	1080
油
172	201	1048	1080
燃
139	169	1049	1080
费
338	367	1132	1166
务
303	335	1134	1167
预
137	169	1135	1168
车
238	268	1135	1167
服
271	302	1134	1167
叫
205	234	1136	1168
约
172	203	1136	1168
金
214	244	1210	1244
收
176	206	1211	1244
实
137	168	1212	1244
卡
135	166	1289	1322
号
172	204	1289	1322
卡
134	165	1366	1400
原
171	203	1364	1400
卡
132	164	1444	1477
额
209	240	1444	1476
余
171	204	1444	1477
额
251	283	1209	1244
额
208	242	1367	1401
