督
262	300	828	867
监
217	255	829	865
电
312	341	829	865
话
352	388	831	863
单
299	332	916	955
营
259	292	917	955
位
338	372	920	952
经
217	253	920	952
电
222	252	1004	1040
话
260	297	1007	1039
证
215	254	1096	1128
车
218	251	1180	1220
陕
344	380	1182	1218
期
257	292	1275	1312
日
223	243	1278	1310
车
264	296	1363	1403
下
218	252	1459	1495
机
674	709	1467	1503
打
676	708	1509	1544
价
259	296	1547	1587
发
676	709	1551	1586
票
678	709	1594	1628
里
216	250	1643	1677
手
679	710	1668	1704
写
680	708	1712	1746
候
257	294	1734	1771
无
680	712	1755	1785
效
680	712	1796	1828
额
260	296	1825	1860
号
417	448	919	950
号
252	291	1180	1220
单
213	258	1547	1587
编
376	413	916	954
号
256	294	1092	1134
上
216	257	1365	1403
车
260	297	1456	1500
程
258	296	1640	1680
等
215	253	1730	1774
金
213	255	1820	1862
发
107	158	598	645
票
162	209	597	645
代
214	263	596	644
码
267	316	598	643
发
108	158	722	772
票
162	209	722	772
号
214	260	722	772
码
266	316	722	772
