机
48	87	537	575
打
48	87	580	620
发
48	84	624	663
票
47	85	668	707
手
45	84	736	776
写
45	81	781	820
无
44	82	826	864
效
43	80	869	908
单
139	168	181	210
电
139	166	257	287
话
179	208	258	288
车
180	208	334	362
号
214	244	335	366
京
307	336	336	364
证
188	218	410	439
号
220	251	411	440
期
172	200	505	536
日
136	162	506	534
时
134	163	579	610
间
170	198	578	610
单
132	160	659	691
价
166	196	659	690
里
128	158	739	768
程
166	196	738	770
等
128	159	820	851
候
165	196	820	851
状
126	157	901	935
态
165	196	900	932
额
166	197	983	1016
金
124	156	985	1018
费
259	288	1067	1100
加
224	255	1069	1103
附
191	222	1069	1103
油
158	188	1071	1104
燃
125	156	1072	1108
务
290	320	1152	1186
车
224	253	1156	1188
服
257	287	1154	1188
叫
191	220	1156	1189
预
124	155	1161	1198
费
325	352	1151	1184
约
159	188	1160	1193
额
237	268	1228	1264
实
124	154	1241	1276
卡
122	153	1320	1356
号
160	191	1319	1353
额
196	226	1394	1430
卡
120	152	1403	1437
原
159	190	1394	1433
额
196	225	1476	1510
余
159	190	1481	1516
卡
119	152	1484	1517
位
178	208	181	213
收
163	192	1238	1273
金
197	231	1234	1269
