码
168	205	741	777
发
41	78	743	779
代
126	164	740	777
票
85	119	742	779
发
41	78	828	864
码
169	205	827	861
号
125	160	826	864
票
86	120	827	864
电
160	183	908	942
发
43	69	910	946
询
129	154	908	944
话
186	221	910	941
票
74	98	909	945
查
102	125	907	946
无
400	459	1048	1101
手
197	255	1050	1103
效
503	561	1045	1099
车
176	215	1144	1187
号
225	265	1144	1188
证
174	217	1228	1265
号
225	265	1224	1268
期
225	266	1304	1346
日
183	208	1308	1343
车
223	263	1384	1429
上
171	217	1388	1428
车
223	263	1469	1515
下
174	214	1475	1515
单
169	214	1556	1605
价
222	266	1557	1603
里
169	212	1645	1685
程
221	266	1645	1687
等
171	213	1726	1777
候
221	264	1730	1772
额
221	263	1819	1861
金
168	213	1817	1863
卡
74	121	1890	1939
号
127	169	1890	1938
额
222	264	1972	2012
原
171	212	1970	2014
额
225	266	2055	2095
余
173	217	2052	2096
写
300	356	1049	1105
发
43	71	969	1007
票
72	100	968	1007
查
101	128	966	1007
询
129	156	966	1006
网
157	183	968	1005
址
184	216	968	1001
