单
166	195	379	405
话
205	234	447	476
车
206	235	522	549
京
330	360	520	549
号
239	270	521	550
证
214	244	594	624
号
246	276	595	624
日
166	192	687	716
期
200	229	687	717
机
82	121	718	754
时
165	194	758	788
间
200	227	757	788
打
84	122	759	796
发
85	121	800	837
单
164	193	834	864
价
197	226	834	864
票
84	122	842	878
手
85	122	905	941
程
199	228	909	939
里
164	194	910	938
写
85	121	948	983
等
164	193	985	1014
候
200	228	985	1014
无
84	123	988	1022
效
84	124	1026	1064
状
163	194	1059	1088
态
200	232	1059	1089
金
163	193	1134	1163
额
202	232	1134	1163
附
227	256	1210	1241
燃
164	194	1211	1241
油
195	224	1211	1241
加
257	286	1212	1241
费
289	318	1213	1242
预
163	194	1288	1318
叫
227	255	1289	1318
车
259	286	1290	1318
约
196	225	1289	1319
收
201	229	1356	1386
实
164	193	1357	1385
金
233	265	1357	1386
号
200	228	1426	1456
卡
162	193	1427	1456
卡
162	191	1497	1528
卡
161	191	1567	1597
余
197	227	1566	1597
位
202	235	379	406
电
163	195	447	480
服
290	319	1286	1320
务
322	349	1287	1320
费
353	379	1289	1321
额
270	303	1358	1388
原
196	229	1495	1531
额
233	264	1497	1530
额
230	263	1569	1596
