发
116	157	472	512
代
209	252	472	512
码
257	300	473	512
票
166	204	472	513
码
258	300	540	579
发
116	158	538	579
票
165	204	538	579
机
224	259	771	803
打
263	295	771	804
手
400	430	771	804
发
300	334	772	803
效
513	545	772	800
写
438	467	772	803
无
476	507	772	800
票
340	370	772	804
单
120	154	887	925
码
240	276	891	924
代
199	236	888	924
位
158	195	890	921
电
121	151	948	981
话
158	196	950	980
鲁
241	276	1005	1042
车
119	152	1006	1043
号
160	193	1007	1042
号
160	192	1065	1101
证
117	154	1068	1097
期
157	192	1124	1160
日
124	145	1128	1157
车
159	192	1184	1223
上
115	152	1185	1218
车
158	191	1244	1282
单
115	151	1304	1344
价
156	194	1304	1340
里
114	149	1370	1401
程
154	192	1368	1402
等
113	149	1428	1468
候
154	190	1431	1464
状
112	149	1493	1528
态
157	189	1490	1528
金
109	149	1553	1591
额
153	189	1555	1589
卡
112	147	1614	1654
号
154	188	1616	1654
下
119	157	1244	1282
号
209	252	538	582
