位
202	233	901	932
单
160	190	901	932
电
160	190	981	1013
话
203	234	982	1014
京
340	371	1063	1095
车
204	235	1064	1092
号
241	272	1063	1095
证
213	244	1143	1175
号
248	280	1143	1175
期
197	226	1243	1274
日
160	187	1244	1274
机
69	109	1277	1315
时
158	188	1319	1351
打
70	109	1321	1359
间
195	225	1319	1351
发
68	107	1363	1400
单
155	185	1398	1430
价
191	222	1398	1430
票
67	106	1405	1444
里
151	183	1478	1509
程
192	222	1479	1510
手
64	105	1474	1513
写
64	103	1520	1558
等
150	182	1560	1592
候
189	221	1562	1593
无
64	103	1564	1601
效
61	101	1606	1647
状
149	180	1642	1673
态
189	220	1642	1675
金
147	179	1725	1757
额
190	222	1725	1759
附
216	248	1813	1847
费
287	318	1814	1848
加
250	283	1814	1847
预
143	177	1899	1933
叫
215	246	1902	1933
车
250	281	1902	1933
务
320	353	1902	1935
约
180	212	1900	1934
额
264	301	1974	2011
实
144	176	1976	2009
金
222	257	1971	2010
收
185	219	1976	2017
卡
139	172	2136	2169
额
218	251	2213	2248
卡
138	171	2214	2249
余
177	212	2215	2249
燃
141	181	1810	1848
油
183	213	1813	1846
服
283	319	1902	1936
费
357	390	1901	1936
卡
142	180	2054	2094
号
181	214	2054	2093
原
180	213	2135	2175
额
219	252	2135	2172
