码
254	295	468	505
发
115	158	469	508
代
208	250	468	507
票
164	203	470	508
发
116	157	592	631
号
211	249	595	636
票
164	204	594	633
话
335	369	673	707
督
256	288	676	708
监
216	248	676	708
编
378	410	760	792
号
418	452	760	793
单
298	331	761	794
营
257	290	762	795
经
217	249	763	795
位
338	371	760	794
证
218	253	936	968
号
260	293	937	970
陕
344	376	1022	1056
车
219	253	1024	1059
号
260	295	1025	1057
期
262	294	1112	1146
日
227	248	1116	1148
车
263	296	1203	1238
上
220	256	1204	1238
车
264	297	1295	1332
下
221	256	1298	1333
机
112	148	1356	1392
单
222	258	1391	1428
打
112	148	1397	1433
价
264	300	1390	1436
发
113	148	1438	1474
程
266	302	1486	1523
里
224	259	1488	1524
票
113	148	1478	1516
手
113	148	1544	1581
候
268	304	1583	1620
等
225	260	1584	1622
写
114	148	1585	1622
无
115	151	1628	1664
效
116	150	1669	1707
额
271	306	1680	1717
金
228	263	1683	1721
码
254	300	592	637
电
298	331	671	709
电
219	253	848	885
话
257	293	845	882
