机
52	91	522	559
打
52	90	564	602
发
51	88	606	643
票
48	88	648	684
手
46	84	712	748
写
45	83	755	792
无
43	82	796	832
效
41	80	838	877
单
141	170	168	198
位
181	210	169	200
电
140	169	245	276
话
181	211	248	277
车
183	212	325	355
号
217	248	327	356
京
309	339	331	360
证
190	220	401	431
号
223	253	404	432
日
139	164	495	523
期
173	202	495	524
间
172	200	565	596
时
136	164	566	595
单
132	162	642	672
价
166	196	643	672
里
128	158	717	746
程
165	196	717	747
等
128	157	793	824
候
164	194	795	824
状
124	155	872	901
态
162	192	871	902
金
121	152	949	980
额
162	192	949	980
费
251	280	1032	1063
加
217	248	1032	1063
油
152	182	1032	1063
附
185	216	1032	1063
燃
119	151	1033	1064
车
216	245	1113	1144
务
280	311	1113	1144
费
314	342	1113	1141
服
248	277	1113	1144
叫
184	212	1115	1144
预
116	148	1115	1146
约
151	180	1115	1146
收
154	183	1187	1219
实
114	145	1188	1219
卡
112	140	1264	1296
号
151	180	1264	1295
额
182	214	1339	1370
卡
108	139	1340	1372
卡
105	136	1416	1448
额
180	210	1415	1446
余
142	175	1414	1447
原
144	177	1340	1372
金
192	220	1188	1219
额
228	258	1184	1218
