单
160	186	536	561
位
196	223	536	563
电
159	185	600	627
话
196	223	600	626
号
230	258	666	695
京
316	344	667	695
车
197	225	668	695
证
205	232	734	762
号
236	264	734	762
日
157	182	821	850
期
190	217	821	848
机
77	113	851	885
间
189	216	886	916
时
156	183	888	916
打
78	113	889	925
发
78	112	929	965
单
155	182	959	990
价
187	214	959	991
票
77	112	968	1004
手
77	112	1029	1066
里
153	181	1031	1060
程
188	217	1031	1060
写
77	111	1069	1106
候
188	216	1103	1133
无
77	113	1109	1145
等
147	182	1104	1134
效
78	114	1147	1186
状
154	183	1178	1207
态
189	217	1176	1206
额
193	221	1251	1281
金
153	184	1252	1281
燃
157	185	1326	1358
附
216	246	1327	1357
加
247	275	1327	1359
油
187	215	1328	1359
费
280	306	1328	1357
费
339	370	1403	1438
车
249	277	1404	1433
务
310	338	1404	1433
预
157	187	1405	1435
服
280	308	1405	1433
叫
219	246	1405	1433
约
187	216	1403	1434
收
195	222	1471	1500
实
158	187	1472	1501
卡
159	188	1540	1569
金
231	259	1470	1504
额
265	294	1469	1505
号
193	224	1539	1572
