位
239	262	709	733
单
208	230	710	734
电
207	230	774	798
话
239	263	773	797
京
343	367	833	858
号
268	293	836	861
车
240	264	837	861
证
247	271	899	923
号
274	298	899	923
期
235	258	978	1002
日
206	228	979	1002
机
139	169	1005	1035
间
233	257	1037	1063
时
204	228	1038	1062
打
140	170	1039	1070
发
141	170	1074	1105
单
205	227	1102	1126
价
232	254	1102	1126
票
140	169	1108	1139
手
140	169	1162	1192
里
203	226	1164	1188
程
232	256	1164	1188
写
139	168	1197	1226
等
203	226	1227	1252
候
231	254	1227	1251
无
140	168	1231	1259
效
138	167	1264	1295
状
201	225	1291	1316
态
230	254	1290	1315
金
200	223	1354	1379
额
232	255	1354	1379
附
249	272	1421	1446
加
274	298	1422	1448
费
301	324	1422	1448
预
197	220	1486	1513
叫
249	271	1489	1513
车
274	297	1490	1513
服
299	322	1490	1514
费
346	374	1491	1515
约
223	246	1488	1514
实
197	220	1546	1570
收
227	248	1546	1572
卡
196	218	1605	1631
卡
195	217	1667	1691
卡
194	218	1728	1753
余
223	246	1729	1755
燃
199	226	1421	1449
油
223	248	1422	1449
务
324	347	1489	1517
金
254	280	1548	1577
额
281	308	1547	1575
号
225	248	1605	1635
原
222	247	1664	1697
额
249	278	1667	1698
额
250	275	1730	1756
