机
68	105	542	580
打
68	106	585	625
发
67	104	629	666
票
64	102	672	708
手
63	99	736	772
写
61	96	779	815
无
60	97	820	856
效
60	96	860	900
单
147	176	186	216
位
186	216	188	218
电
149	176	264	296
话
187	215	267	296
车
188	216	344	374
号
223	252	345	375
京
315	344	347	376
证
196	224	420	451
号
228	258	423	452
日
149	174	515	543
期
183	210	516	544
时
149	177	587	616
间
183	210	586	618
单
148	176	665	696
价
180	207	664	696
程
180	209	741	770
里
142	172	740	769
等
141	169	814	844
候
176	204	816	844
状
139	168	891	920
态
175	204	889	920
金
140	168	967	999
额
177	205	967	997
费
264	291	1045	1076
加
233	261	1047	1076
油
170	199	1048	1074
附
200	232	1048	1076
燃
137	168	1045	1073
预
136	167	1118	1150
叫
200	227	1121	1152
车
231	258	1124	1152
约
169	197	1120	1152
收
172	204	1191	1222
实
136	165	1191	1223
额
208	238	1336	1370
卡
135	170	1335	1367
卡
134	164	1412	1448
余
171	204	1413	1448
服
261	290	1122	1156
务
294	320	1122	1156
费
328	353	1124	1156
金
208	237	1191	1225
额
242	272	1192	1224
原
173	202	1334	1371
额
207	240	1414	1450
卡
136	163	1262	1295
号
168	200	1264	1296
