单
195	221	229	255
位
231	258	231	257
电
193	219	298	325
话
231	257	300	326
车
230	257	369	395
号
262	291	370	397
京
348	376	372	398
证
236	264	436	464
号
266	295	438	465
日
187	212	522	548
期
220	247	523	550
机
107	143	548	581
打
107	142	587	621
时
184	210	588	615
间
218	244	588	617
发
105	141	625	660
单
183	209	660	687
价
214	241	661	688
票
104	140	664	699
手
103	139	724	758
里
179	207	730	757
程
214	241	731	758
写
102	137	764	799
等
178	205	801	829
候
212	240	802	829
无
100	136	803	836
效
99	135	840	876
状
175	204	872	899
态
210	239	873	900
金
173	202	944	971
额
211	239	945	972
燃
171	200	1020	1047
油
201	230	1020	1047
加
262	291	1021	1049
费
294	321	1022	1049
附
232	260	1019	1048
预
169	198	1094	1123
叫
231	258	1096	1123
车
261	289	1097	1123
服
291	319	1097	1124
务
322	350	1097	1126
费
351	380	1098	1126
约
201	228	1095	1123
收
204	230	1160	1189
实
167	195	1161	1189
额
272	300	1163	1191
卡
163	193	1230	1258
号
198	227	1230	1259
卡
161	190	1300	1329
原
195	223	1300	1329
卡
158	187	1371	1400
余
193	222	1371	1401
额
229	259	1371	1401
金
240	267	1160	1195
额
228	264	1301	1331
