代
125	147	334	362
票
99	119	336	366
发
73	92	340	367
号
124	145	415	446
码
153	176	415	444
票
96	117	416	447
发
68	89	418	448
督
101	137	554	589
电
141	171	554	588
监
64	101	555	588
话
174	210	556	586
车
368	405	634	677
出
279	310	636	678
租
321	359	636	676
专
414	451	636	676
效
649	687	636	675
手
516	553	637	677
无
606	642	637	673
用
461	495	638	675
写
563	597	636	675
电
139	170	746	779
话
173	211	748	777
司
101	129	747	781
公
59	98	749	779
车
69	108	819	863
川
234	268	819	857
A
277	310	826	857
号
121	162	820	862
号
121	161	907	949
证
68	110	911	942
期
122	163	988	1029
日
79	102	991	1025
车
125	165	1066	1106
上
70	113	1070	1105
车
129	166	1139	1181
下
73	112	1145	1179
单
77	118	1217	1260
价
131	170	1219	1258
里
80	120	1301	1337
程
134	172	1301	1333
候
135	172	1375	1411
码
153	178	332	362
等
79	124	1372	1411
元
654	698	1226	1264
k
634	658	1307	1344
m
663	700	1322	1346
