发
136	179	463	503
代
232	274	468	508
票
186	226	466	505
码
281	322	470	509
发
135	178	530	571
码
280	322	539	576
号
233	272	535	576
票
185	225	533	573
机
245	280	767	798
打
284	316	768	799
手
422	453	771	803
发
323	355	770	800
无
503	531	776	801
效
538	569	776	803
写
462	490	774	803
票
362	393	771	801
单
137	172	882	918
代
219	255	885	918
码
261	297	887	919
位
179	214	886	915
电
140	170	943	975
话
177	214	945	975
车
136	171	1002	1038
鲁
262	297	1003	1040
号
179	213	1003	1038
证
135	174	1065	1094
号
179	213	1063	1098
期
178	213	1122	1154
日
144	165	1126	1151
车
181	214	1178	1213
上
136	173	1179	1208
车
181	214	1235	1271
下
139	172	1238	1267
单
137	174	1292	1329
价
181	218	1295	1328
里
138	173	1357	1386
程
179	217	1357	1388
等
138	173	1413	1452
候
179	217	1417	1448
状
136	174	1479	1511
态
183	215	1476	1511
金
135	175	1539	1574
额
180	216	1542	1573
卡
136	172	1601	1639
号
180	215	1603	1640
密
152	202	1714	1768
码
206	262	1714	1768
