单
172	199	655	685
位
209	238	655	685
电
172	200	730	759
话
211	239	730	759
车
213	241	804	832
号
246	276	804	833
京
335	364	802	838
证
221	250	875	904
号
253	282	876	904
期
207	234	965	993
日
174	199	966	993
机
92	129	993	1029
时
172	200	1032	1062
打
93	129	1034	1071
间
206	236	1032	1062
发
93	129	1075	1110
单
171	199	1108	1137
价
204	232	1108	1136
票
91	128	1114	1150
手
92	128	1177	1212
里
169	198	1180	1208
程
206	234	1180	1207
写
92	127	1217	1252
等
170	199	1253	1283
候
204	234	1254	1282
无
90	129	1257	1292
效
90	128	1295	1333
状
169	198	1327	1356
态
205	234	1325	1357
金
169	198	1402	1431
额
207	237	1402	1431
油
201	229	1479	1509
附
232	260	1479	1509
费
295	322	1480	1510
燃
169	199	1481	1510
加
262	291	1478	1510
车
264	291	1557	1587
预
170	200	1558	1588
服
294	323	1558	1587
叫
233	260	1558	1588
约
202	230	1557	1588
实
170	200	1625	1655
卡
169	198	1765	1794
卡
169	197	1835	1866
余
203	233	1834	1866
务
326	354	1552	1589
费
357	390	1554	1593
收
202	239	1625	1657
金
241	273	1623	1659
额
276	309	1620	1659
卡
171	205	1692	1727
号
202	236	1693	1727
原
203	233	1763	1797
额
237	271	1761	1798
额
238	270	1833	1864
