机
66	103	540	578
打
67	104	584	621
发
68	102	627	664
票
67	103	669	708
手
68	104	735	773
写
68	103	780	817
无
65	103	822	859
效
64	101	864	904
单
140	168	179	208
位
180	208	178	207
电
139	168	255	285
话
180	209	255	284
车
183	211	332	362
号
217	248	332	362
京
312	342	332	361
证
193	222	409	440
号
224	255	409	440
期
180	208	508	537
日
147	172	508	537
时
147	173	582	612
间
180	208	581	612
单
148	175	661	692
价
180	207	662	692
里
148	176	739	769
程
183	212	740	769
等
148	176	818	849
候
183	213	820	849
状
145	176	899	929
态
184	214	899	931
金
144	174	980	1012
额
184	214	980	1013
费
276	305	1068	1101
加
241	272	1068	1101
油
175	204	1067	1100
附
208	239	1067	1100
燃
141	172	1068	1100
预
148	176	1149	1180
车
240	270	1156	1188
服
273	304	1156	1189
务
307	339	1156	1189
叫
207	236	1156	1188
费
343	371	1157	1189
约
178	204	1155	1185
实
156	184	1218	1246
收
190	219	1222	1252
额
257	287	1232	1262
卡
164	190	1284	1313
卡
172	198	1351	1378
额
236	266	1356	1391
余
214	244	1421	1448
金
223	252	1226	1259
号
195	224	1288	1320
原
204	232	1356	1387
卡
182	208	1414	1444
额
246	276	1425	1456
