发
57	103	643	688
码
214	259	645	688
代
162	207	643	688
票
112	154	643	689
发
57	104	733	778
码
216	260	735	777
号
164	205	733	779
票
112	154	733	779
电
130	163	837	872
话
163	198	837	873
效
610	645	1109	1145
无
564	598	1110	1146
机
243	280	1111	1149
打
290	319	1111	1148
发
338	372	1110	1147
写
516	549	1111	1148
手
471	504	1111	1148
票
386	418	1110	1146
车
123	160	1229	1270
号
169	207	1230	1268
号
169	207	1302	1341
证
122	162	1303	1339
期
168	206	1374	1413
日
128	156	1376	1413
车
168	214	1446	1487
上
120	162	1447	1486
车
168	207	1520	1562
下
120	160	1523	1562
价
168	207	1595	1637
单
119	159	1596	1638
程
168	206	1673	1712
里
119	159	1674	1714
等
119	158	1748	1791
候
166	206	1749	1789
额
167	206	1825	1865
金
119	158	1826	1867
费
312	348	1898	1939
加
262	301	1899	1939
收
167	206	1901	1942
另
120	156	1903	1942
附
216	253	1900	1941
费
313	349	1973	2016
电
217	254	1974	2017
收
167	207	1976	2020
召
264	299	1977	2016
另
120	156	1979	2019
卡
119	160	2053	2097
号
168	207	2053	2095
卡
119	160	2129	2171
余
168	206	2129	2168
投
50	89	837	872
诉
91	129	837	872
额
212	264	2130	2174
单
57	93	910	951
位
92	130	910	951
名
130	161	910	951
称
165	202	910	951
