机
52	91	537	575
打
52	90	581	620
发
54	89	624	661
票
52	89	668	707
手
56	89	733	772
写
51	88	778	816
无
52	89	822	860
效
52	88	865	904
电
137	168	256	287
话
177	207	256	288
车
180	211	334	364
号
217	248	335	365
京
310	341	335	367
证
191	222	411	441
号
226	257	412	442
日
139	167	505	535
期
176	205	505	536
间
176	206	577	609
时
138	168	579	608
价
173	203	657	688
单
138	167	658	688
程
172	203	736	766
里
137	167	736	768
候
172	203	816	846
状
136	168	897	928
态
172	204	896	928
额
176	206	976	1008
金
136	168	978	1012
费
272	301	1053	1087
附
203	233	1056	1088
加
237	268	1056	1088
油
170	200	1059	1090
燃
136	168	1060	1093
费
339	368	1132	1164
服
271	300	1136	1168
叫
204	234	1138	1168
预
136	167	1141	1176
车
239	267	1138	1168
务
305	334	1134	1166
约
172	201	1140	1172
额
252	282	1210	1244
实
136	167	1217	1251
卡
134	167	1296	1329
号
178	207	1292	1326
额
211	240	1368	1401
卡
135	167	1375	1408
原
172	204	1371	1404
卡
135	167	1454	1488
余
174	204	1451	1484
等
136	168	816	848
收
174	207	1214	1248
金
214	246	1212	1248
额
211	244	1446	1482
