代
186	216	654	690
发
110	142	656	691
码
224	254	655	688
票
149	179	655	692
码
224	256	738	771
日
192	210	835	861
手
114	149	847	879
期
221	253	830	863
代
183	218	886	917
码
221	256	887	917
写
116	147	904	937
无
115	148	963	995
车
184	217	940	973
车
281	312	995	1030
下
248	280	998	1028
单
184	217	1053	1090
价
222	257	1054	1088
里
184	217	1116	1144
程
222	258	1114	1145
等
184	216	1170	1208
候
221	257	1172	1211
额
223	256	1229	1262
加
302	336	1287	1316
附
266	296	1288	1319
元
672	708	1284	1314
油
224	256	1288	1328
卡
104	137	1340	1373
额
204	236	1401	1431
金
168	204	1398	1431
原
106	138	1400	1435
/
139	168	1398	1435
号
145	176	1343	1380
燃
183	221	1288	1324
金
183	218	1230	1264
上
183	220	995	1032
/
224	244	996	1032
发
112	140	737	773
票
149	179	735	779
号
184	217	736	777
号
223	255	941	976
效
112	150	1019	1058
元
671	707	1224	1256
元
665	704	1048	1082
K
654	680	1110	1140
m
683	711	1121	1142
