机
53	89	520	556
打
52	88	563	600
发
53	86	604	640
票
50	85	648	684
写
46	81	756	791
无
49	81	796	831
效
44	79	836	873
手
48	85	710	751
单
142	170	176	204
位
180	209	178	207
电
141	168	252	280
话
181	209	252	282
车
182	210	327	355
号
216	245	328	356
京
306	335	330	359
证
189	220	400	428
日
137	163	492	520
期
172	200	492	521
时
134	162	563	592
间
170	197	562	593
单
132	160	640	669
价
165	193	640	670
里
128	156	716	745
程
164	193	716	745
等
126	156	793	822
候
162	192	794	824
状
123	152	868	899
态
161	190	868	900
金
120	150	948	980
额
160	190	948	980
油
150	179	1032	1065
附
182	212	1032	1065
燃
116	147	1035	1066
加
215	244	1032	1065
车
213	242	1118	1150
服
245	275	1113	1149
预
113	144	1119	1154
叫
180	209	1119	1151
务
279	307	1117	1148
约
148	177	1119	1152
实
111	141	1196	1229
金
188	217	1196	1227
收
151	179	1195	1228
卡
107	136	1276	1311
号
144	176	1275	1309
额
179	210	1353	1389
原
140	172	1355	1389
卡
104	134	1356	1392
余
139	170	1436	1472
额
176	208	1434	1470
卡
100	132	1438	1474
费
249	278	1032	1066
费
311	341	1116	1149
号
222	250	398	432
额
223	256	1191	1227
