机
64	103	474	512
打
57	100	516	557
发
53	92	560	600
票
43	88	605	645
手
35	76	676	716
写
30	72	724	764
无
24	64	770	810
效
20	61	816	858
价
172	206	607	640
程
164	198	690	723
等
114	149	771	805
候
152	190	776	809
状
104	138	859	893
态
144	180	862	896
金
101	135	945	979
额
144	177	949	982
费
242	275	1048	1082
预
98	132	1117	1153
服
238	271	1135	1169
实
91	126	1199	1233
金
172	205	1206	1244
卡
80	113	1361	1396
余
112	148	1448	1484
单
198	228	155	188
位
239	270	158	189
电
190	216	224	252
话
230	262	228	260
车
224	256	288	320
号
261	291	294	325
京
356	389	306	332
证
224	256	356	392
号
259	292	362	394
日
158	191	449	484
期
196	230	453	488
时
147	180	523	557
间
184	220	524	561
单
136	168	603	638
里
124	156	684	722
燃
101	137	1031	1066
油
136	169	1035	1071
附
169	203	1037	1074
加
205	240	1043	1080
约
134	166	1121	1160
叫
167	203	1126	1160
车
204	236	1129	1164
务
272	304	1136	1176
费
308	340	1141	1178
收
132	165	1200	1237
额
213	244	1211	1247
卡
87	118	1280	1315
号
127	158	1283	1321
原
120	154	1365	1402
额
160	192	1372	1408
卡
76	105	1444	1479
额
152	186	1453	1489
