发
19	63	254	285
票
69	109	254	286
码
161	203	257	286
代
114	156	255	286
发
16	60	337	372
码
160	203	340	374
号
115	153	338	375
票
66	107	337	373
码
159	202	424	460
别
89	126	420	459
识
15	58	421	454
代
111	154	509	550
码
159	202	512	551
司
67	99	509	549
公
14	59	509	545
车
17	56	653	698
号
64	104	655	699
冀
137	176	656	698
起
16	62	801	842
止
66	108	803	840
间
165	198	806	845
时
116	154	804	845
等
21	62	936	979
候
67	110	940	976
间
166	198	940	977
时
118	155	939	978
里
117	155	1072	1104
程
162	203	1071	1105
运
23	65	1073	1105
营
73	110	1069	1108
额
71	110	1198	1232
计
162	200	1194	1232
合
116	158	1195	1232
金
23	67	1197	1235
大
28	67	1325	1360
写
73	108	1324	1359
日
126	147	1456	1486
开
29	66	1460	1496
票
73	111	1455	1493
手
627	663	1537	1568
写
627	660	1574	1606
无
625	660	1613	1644
效
624	660	1650	1685
期
154	197	1455	1496
