发
82	113	285	318
代
164	194	292	325
码
199	232	297	328
发
84	115	362	396
码
203	234	373	404
号
161	191	368	402
询
165	189	444	477
查
140	161	441	475
发
88	111	495	528
查
142	163	498	531
询
166	190	499	533
写
322	368	590	638
车
213	248	668	708
号
257	291	672	711
证
214	252	745	777
号
257	292	745	785
期
260	295	818	855
日
224	245	819	850
车
260	295	889	929
上
217	255	890	925
下
220	254	969	1003
车
262	298	969	1005
单
218	256	1039	1080
价
263	302	1041	1080
里
219	256	1116	1149
程
265	303	1116	1151
等
221	259	1184	1228
候
266	302	1188	1224
金
221	259	1263	1301
额
267	302	1263	1299
卡
139	180	1328	1369
号
184	221	1327	1368
额
269	304	1395	1430
原
224	259	1393	1433
额
271	305	1470	1505
余
224	261	1469	1510
票
118	152	284	324
票
121	154	363	401
发
83	112	437	474
票
112	137	439	475
电
191	216	446	480
话
218	244	449	480
票
112	139	495	533
网
192	216	499	534
址
218	245	501	534
手
229	285	583	634
无
408	466	596	642
效
500	550	597	647
