代
188	234	641	683
发
73	121	642	684
码
243	292	643	683
票
132	177	641	684
发
70	119	703	746
号
187	231	703	748
码
242	291	705	746
票
130	176	703	747
电
204	248	778	829
投
75	127	780	829
话
256	310	778	831
诉
135	186	778	829
码
255	307	869	919
代
196	249	866	918
公
72	126	866	917
司
137	182	869	918
车
194	241	956	1008
号
252	304	957	1008
号
251	303	1046	1098
期
194	247	1136	1188
日
143	178	1138	1188
机
55	98	1209	1251
间
198	246	1227	1281
时
133	187	1226	1281
打
53	97	1266	1310
单
128	182	1321	1378
价
192	247	1321	1378
发
52	95	1323	1368
票
52	92	1383	1427
里
126	179	1419	1473
程
189	245	1419	1475
手
50	92	1442	1490
写
48	90	1504	1547
等
124	178	1524	1582
候
189	245	1524	1582
无
46	88	1562	1606
效
44	90	1620	1667
金
121	179	1622	1680
额
187	243	1624	1683
号
188	242	1725	1781
卡
122	176	1723	1780
额
252	307	1822	1878
卡
123	177	1820	1875
余
187	242	1822	1877
甘
407	460	945	996
证
184	243	1044	1100
