码
126	147	589	625
代
101	122	588	624
物
110	141	792	818
价
150	182	793	820
监
189	222	794	820
督
229	263	794	823
电
273	302	795	821
话
310	344	797	820
车
178	210	1044	1078
号
219	252	1044	1078
手
108	142	1109	1142
号
219	253	1115	1149
证
175	213	1118	1145
写
108	140	1183	1215
期
217	253	1185	1217
日
183	203	1188	1215
车
220	253	1254	1290
上
174	211	1256	1286
无
106	142	1257	1286
车
220	253	1325	1359
下
175	210	1328	1357
效
105	143	1329	1358
单
173	210	1396	1434
价
217	256	1397	1431
里
173	209	1474	1504
程
216	255	1473	1505
等
172	209	1544	1582
候
215	255	1547	1578
金
168	210	1618	1654
额
216	253	1621	1652
卡
27	66	1721	1762
号
74	111	1721	1760
额
320	359	1791	1824
原
265	302	1790	1827
额
321	359	1843	1877
余
264	305	1843	1881
发
52	76	588	628
票
76	102	588	628
发
51	72	686	726
票
73	98	686	726
号
100	122	686	726
码
123	150	686	726
