发
125	163	265	304
码
265	302	265	308
代
221	259	270	312
票
171	211	270	307
发
124	163	393	433
码
265	305	400	440
号
223	258	396	437
票
170	211	397	435
电
218	256	560	600
监
119	161	556	595
话
264	301	562	602
督
170	207	556	597
效
652	694	671	712
无
604	647	677	719
发
393	431	690	731
手
509	551	683	726
写
556	598	680	721
票
438	479	687	729
单
189	233	820	864
位
238	282	822	866
电
189	228	906	948
话
239	284	907	949
车
189	231	985	1030
晋
370	415	986	1029
号
237	280	987	1029
日
196	223	1069	1105
期
236	279	1067	1107
车
236	280	1141	1183
上
186	230	1144	1182
下
187	231	1222	1262
车
238	282	1219	1263
单
185	232	1301	1346
价
238	283	1301	1345
里
186	231	1385	1426
程
238	283	1384	1427
状
182	230	1468	1513
态
236	281	1467	1512
候
235	282	1554	1601
等
182	228	1553	1601
金
180	227	1643	1689
额
235	281	1642	1690
机
294	339	690	730
打
345	385	694	733
