发
86	132	237	291
代
196	238	258	313
票
143	184	254	301
码
245	290	269	319
发
91	135	391	442
票
145	188	404	452
码
249	295	420	469
电
205	250	597	647
督
151	193	587	638
监
97	143	581	633
话
260	304	605	651
期
256	302	1193	1247
上
199	249	1288	1334
车
264	308	1288	1338
下
206	256	1379	1429
车
274	316	1379	1433
单
220	258	1474	1529
价
262	322	1476	1529
程
283	335	1573	1624
里
223	275	1573	1622
状
230	286	1665	1713
态
296	346	1663	1712
候
306	363	1753	1804
等
244	297	1754	1806
额
321	381	1847	1898
金
260	316	1849	1897
号
193	248	420	469
机
294	349	753	810
打
355	400	760	814
发
403	451	759	814
票
456	505	765	819
手
537	586	772	825
写
591	639	772	825
无
651	691	778	828
效
696	741	778	828
单
184	238	895	960
位
243	292	904	963
电
186	240	999	1059
话
246	297	999	1060
车
192	243	1095	1153
号
249	300	1095	1155
日
193	246	1189	1245
晋
396	450	1107	1165
