发
116	153	669	713
码
238	275	669	710
代
198	235	668	712
票
158	193	669	714
发
114	152	754	797
码
236	274	754	796
号
198	232	754	800
票
157	192	754	799
门
268	309	822	870
运
107	153	825	868
管
160	207	822	870
部
212	260	822	871
督
159	205	880	925
电
214	257	881	925
话
262	312	880	924
监
104	154	881	924
手
262	304	1029	1071
效
497	540	1030	1072
无
419	460	1032	1071
开
340	382	1033	1070
单
106	153	1126	1174
位
162	207	1126	1174
电
106	148	1194	1240
话
158	206	1192	1239
车
99	145	1260	1308
号
156	202	1260	1308
证
96	143	1331	1376
号
153	199	1329	1378
期
148	196	1399	1450
日
100	132	1401	1446
车
221	269	1470	1523
下
165	212	1471	1521
上
86	134	1472	1519
单
81	132	1542	1596
价
141	190	1543	1596
里
77	126	1619	1669
程
136	186	1619	1671
金
72	123	1693	1746
额
132	184	1694	1747
等
70	119	1768	1825
候
128	180	1770	1825
状
68	118	1846	1899
态
129	177	1847	1900
/
137	164	1473	1520
