单
176	205	815	842
位
216	245	817	846
电
173	202	890	921
话
215	253	893	932
车
214	244	968	998
号
251	281	971	1002
京
344	375	977	1007
号
255	286	1048	1079
证
225	251	1047	1077
期
203	233	1143	1172
机
77	116	1167	1205
时
163	192	1214	1246
打
75	115	1211	1251
间
201	229	1214	1248
发
74	111	1256	1294
单
159	188	1295	1327
价
195	225	1297	1327
票
70	111	1301	1340
手
68	107	1370	1410
里
154	183	1376	1408
程
193	224	1378	1409
写
66	104	1417	1457
等
151	182	1459	1492
候
190	221	1461	1492
无
62	103	1463	1501
效
61	101	1506	1549
状
145	178	1544	1576
态
186	217	1544	1577
金
142	174	1629	1662
额
185	217	1629	1662
油
174	205	1720	1753
加
243	274	1721	1754
费
279	310	1721	1754
附
208	241	1719	1753
燃
138	170	1720	1753
预
135	167	1809	1844
车
241	271	1810	1843
务
309	340	1810	1840
叫
206	237	1811	1843
费
346	376	1811	1845
约
172	203	1810	1844
额
253	291	1886	1922
实
132	164	1889	1922
金
209	244	1884	1922
收
174	207	1888	1921
号
168	200	1969	2004
卡
129	158	1970	2002
卡
126	156	2053	2086
额
205	236	2051	2085
原
166	197	2047	2087
额
203	234	2133	2168
余
164	196	2134	2169
卡
126	163	2133	2169
日
164	198	1136	1172
服
276	307	1809	1845
