代
240	279	896	941
发
155	195	897	943
码
282	321	896	940
票
199	236	897	944
发
156	196	989	1034
码
283	322	988	1031
号
242	278	987	1036
票
200	237	988	1035
门
319	361	1059	1110
运
152	201	1064	1110
管
207	256	1061	1112
部
260	310	1060	1111
电
266	309	1122	1168
话
314	366	1120	1168
督
207	255	1122	1169
监
152	202	1124	1168
效
560	604	1276	1320
手
319	362	1278	1321
无
481	523	1279	1320
开
400	442	1281	1321
单
162	211	1381	1431
位
219	267	1380	1431
电
168	211	1452	1501
话
219	269	1451	1500
车
166	212	1522	1572
号
221	268	1522	1571
证
165	214	1594	1639
号
222	269	1592	1640
期
221	267	1661	1712
日
176	205	1665	1709
车
296	342	1731	1782
下
239	286	1733	1781
上
164	212	1735	1781
单
163	212	1803	1854
价
220	268	1803	1853
里
162	210	1877	1924
程
219	267	1876	1925
金
161	209	1948	1998
额
217	266	1947	1997
等
159	207	2019	2071
候
215	264	2019	2071
状
159	208	2092	2142
态
216	264	2092	2141
/
216	238	1732	1783
