发
100	149	658	706
代
209	256	660	707
码
264	309	663	707
票
156	201	660	707
发
103	152	793	841
号
212	255	795	844
码
264	312	799	842
督
260	299	902	941
监
214	253	902	937
单
298	333	993	1031
营
259	292	994	1030
位
338	374	997	1028
经
218	252	996	1027
电
222	253	1083	1118
话
261	299	1085	1121
号
262	295	1173	1211
车
220	254	1260	1298
号
262	297	1261	1298
陕
348	384	1261	1295
日
228	248	1356	1386
车
271	303	1439	1474
上
226	262	1441	1474
车
271	303	1528	1568
机
669	700	1530	1561
打
668	697	1569	1599
发
671	699	1608	1639
单
227	261	1616	1656
价
270	306	1617	1653
票
672	701	1646	1678
程
271	307	1710	1744
里
228	261	1711	1743
手
675	704	1717	1750
写
677	703	1759	1790
等
228	264	1796	1834
候
271	308	1798	1831
无
679	708	1801	1830
效
679	708	1841	1869
额
278	309	1882	1916
话
254	291	1083	1118
票
161	206	793	844
电
304	345	905	943
话
349	392	905	943
编
378	414	994	1031
号
418	450	995	1035
证
216	260	1172	1210
期
261	303	1354	1389
下
222	262	1530	1571
金
233	268	1878	1915
