单
172	199	481	508
位
210	238	481	508
话
209	237	545	576
电
171	198	547	575
车
210	237	616	644
京
331	364	617	647
证
217	245	686	714
日
168	192	774	801
期
201	230	763	802
机
85	122	802	838
间
199	226	839	870
时
165	192	839	870
打
86	121	840	878
发
84	119	881	918
单
163	191	913	944
价
195	223	913	944
票
84	120	922	958
手
82	119	983	1020
里
160	188	987	1016
程
196	225	987	1017
写
83	117	1025	1060
等
160	189	1061	1090
候
195	224	1062	1091
无
80	117	1064	1100
效
81	117	1103	1141
状
158	188	1134	1164
态
194	223	1135	1164
金
157	186	1208	1239
额
196	224	1209	1238
附
219	248	1284	1318
油
188	216	1286	1317
费
282	310	1287	1318
燃
157	186	1288	1318
加
250	278	1287	1317
预
157	186	1365	1394
车
250	278	1365	1394
服
281	310	1365	1395
叫
220	247	1365	1395
约
189	217	1365	1395
收
194	222	1431	1462
额
264	292	1431	1462
实
158	186	1432	1461
卡
158	186	1500	1531
卡
158	186	1570	1599
卡
159	187	1639	1667
余
193	222	1639	1668
号
246	275	614	645
号
247	277	684	717
务
311	342	1364	1398
费
343	378	1362	1399
金
231	257	1431	1466
号
193	222	1501	1536
原
191	223	1568	1605
额
227	257	1565	1606
额
229	257	1637	1669
