代
143	174	524	554
发
57	90	526	557
码
180	214	525	554
票
99	131	525	556
发
56	90	600	632
号
137	170	599	632
票
99	131	599	631
电
171	194	673	704
发
57	82	675	707
票
87	110	674	707
发
57	82	730	763
询
141	166	728	761
票
87	111	729	763
查
114	137	728	763
车
191	229	897	939
号
238	277	899	940
证
190	233	979	1013
号
239	278	976	1017
期
240	283	1052	1091
日
201	224	1056	1088
车
241	280	1128	1171
上
192	236	1132	1167
车
242	281	1208	1251
下
195	234	1213	1250
单
193	237	1288	1333
价
242	286	1289	1330
里
195	236	1370	1405
程
243	287	1369	1406
等
195	238	1444	1490
候
244	286	1447	1485
额
245	286	1528	1567
金
195	239	1527	1570
卡
104	148	1598	1644
号
154	195	1598	1642
原
196	236	1672	1715
额
248	287	1673	1712
额
246	288	1757	1798
余
196	240	1755	1801
查
110	140	673	706
网
167	197	728	763
码
178	219	598	632
询
141	168	671	709
话
196	225	672	706
址
198	224	727	763
手
209	266	808	858
写
310	364	806	859
无
407	467	806	859
效
506	564	804	858
