发
56	93	706	743
代
142	179	702	740
码
184	221	703	739
票
101	134	704	743
码
185	222	791	827
发
57	94	794	831
号
141	176	792	831
票
101	135	792	830
电
177	200	875	911
发
59	85	878	915
询
146	172	876	913
票
89	114	877	915
查
119	142	876	915
网
176	199	939	973
发
59	86	940	977
询
146	172	938	975
票
90	115	939	977
查
119	142	938	977
无
421	481	1018	1074
手
214	275	1022	1077
写
319	375	1021	1074
效
526	585	1015	1071
车
194	235	1118	1163
号
243	285	1119	1163
证
193	237	1204	1241
号
244	284	1200	1245
期
245	286	1282	1323
日
203	228	1285	1320
车
243	284	1361	1409
上
192	237	1365	1405
车
243	284	1447	1494
下
193	235	1453	1494
单
189	235	1534	1585
价
242	289	1536	1582
里
190	233	1624	1665
程
242	287	1624	1666
等
190	235	1706	1757
候
241	286	1709	1752
金
189	235	1796	1843
额
243	284	1798	1842
卡
95	140	1870	1920
号
146	189	1872	1920
额
244	285	1952	1994
原
191	233	1950	1996
额
245	286	2037	2078
余
192	238	2033	2079
址
202	232	938	972
话
202	232	877	911
