发
80	127	446	486
代
181	226	453	494
码
231	276	457	496
票
133	175	451	490
发
80	126	511	552
号
184	225	519	561
码
231	276	524	562
票
133	175	516	556
机
194	233	752	786
打
237	270	755	788
发
276	312	758	791
效
503	538	758	788
手
381	415	761	794
写
423	453	761	792
无
463	497	761	789
票
318	352	760	793
单
77	116	871	912
码
210	249	879	914
代
165	205	876	913
位
122	161	876	909
电
78	111	937	973
话
120	161	940	973
车
74	111	1000	1041
号
120	157	1002	1041
鲁
210	249	1002	1043
号
118	156	1067	1106
证
70	112	1068	1102
期
116	153	1131	1170
日
78	101	1135	1167
车
116	152	1197	1238
上
66	107	1198	1234
车
114	151	1264	1308
下
67	105	1268	1304
单
63	103	1333	1379
价
110	153	1334	1375
里
60	101	1409	1445
程
108	150	1407	1446
等
58	99	1476	1522
候
108	148	1479	1518
状
56	99	1552	1591
态
108	145	1548	1592
金
53	98	1623	1664
额
103	145	1624	1664
卡
53	96	1694	1742
号
104	143	1696	1741
密
72	123	1828	1888
码
134	192	1830	1886
