机
80	119	565	606
打
80	118	612	652
发
72	113	656	692
票
72	111	696	737
手
71	111	767	809
写
72	110	813	854
无
72	112	860	900
效
72	113	904	948
单
164	192	172	207
位
203	232	176	210
电
165	196	259	292
话
208	236	263	295
车
216	246	345	376
号
251	281	347	378
京
341	371	349	380
证
229	260	428	460
号
263	293	428	460
日
170	200	532	561
期
208	239	532	562
时
164	195	607	637
间
200	232	606	636
单
158	188	686	719
价
193	224	685	717
里
156	186	768	800
程
194	224	767	799
候
193	224	850	881
等
156	187	852	883
状
158	190	934	968
态
196	227	931	964
额
202	233	1015	1048
金
160	192	1019	1052
费
297	326	1095	1128
加
262	293	1099	1130
油
195	225	1103	1136
附
228	260	1100	1132
燃
160	192	1107	1138
费
356	392	1173	1207
务
327	357	1175	1207
服
293	324	1177	1209
车
261	291	1181	1211
叫
228	257	1184	1213
预
159	191	1188	1222
约
195	225	1187	1218
金
235	267	1254	1285
收
199	228	1258	1290
实
159	190	1261	1294
卡
157	186	1336	1368
号
194	226	1332	1363
卡
155	186	1410	1441
额
228	258	1472	1503
卡
153	184	1483	1512
余
190	222	1477	1508
额
274	304	1251	1282
原
191	224	1407	1439
额
229	261	1400	1433
