电
125	163	684	729
召
172	210	687	729
话
270	314	688	731
电
225	273	686	730
车
220	262	752	798
手
122	168	761	804
号
272	312	754	798
证
217	263	829	866
写
123	163	809	848
号
270	312	827	870
无
124	167	854	892
效
124	169	896	941
期
268	311	897	944
日
230	254	903	938
上
219	263	969	1013
车
272	314	969	1017
车
271	314	1041	1087
下
221	262	1044	1087
价
269	315	1114	1160
单
219	263	1113	1161
里
220	260	1189	1231
程
270	312	1189	1233
候
267	312	1260	1308
金
216	259	1335	1381
额
268	308	1335	1382
含
120	167	1413	1462
电
175	210	1415	1463
召
221	257	1419	1462
料
182	214	1492	1539
电
219	257	1567	1616
话
264	306	1572	1618
公
119	162	1565	1608
等
223	257	1257	1307
费
273	311	1415	1469
含
121	150	1483	1540
燃
153	179	1487	1537
附
215	246	1492	1542
加
245	274	1488	1540
费
277	310	1490	1548
司
172	209	1564	1614
