码
258	300	534	571
发
111	152	536	578
票
161	201	537	578
代
209	251	536	573
码
258	301	610	648
号
210	249	612	655
发
109	153	617	656
票
161	202	614	656
码
258	302	690	727
别
186	224	693	733
识
108	152	697	730
手
654	698	737	777
写
658	698	782	822
无
660	701	829	870
效
661	704	873	917
司
214	247	968	1008
公
103	153	970	1007
电
108	146	1041	1082
话
208	255	1042	1079
冀
321	365	1110	1155
车
103	147	1113	1160
号
209	253	1114	1159
证
99	149	1194	1233
号
209	253	1190	1236
期
206	251	1266	1313
日
109	136	1273	1310
上
94	144	1348	1391
车
208	252	1345	1406
下
95	140	1432	1475
车
203	261	1421	1480
价
195	256	1511	1561
程
202	255	1601	1648
里
90	137	1604	1648
候
201	253	1687	1734
等
88	141	1685	1742
状
87	138	1777	1822
态
195	254	1771	1833
额
202	252	1863	1910
金
84	139	1860	1911
单
93	143	1512	1568
