代
187	240	380	430
码
248	295	381	428
发
79	125	383	432
票
135	181	382	432
发
77	126	542	592
码
247	294	540	589
号
190	234	539	593
票
134	181	541	592
询
160	208	639	690
码
247	293	641	688
查
81	126	639	693
督
119	150	835	872
话
200	234	834	873
电
159	193	835	873
监
80	112	835	872
号
121	154	895	934
桂
195	230	894	933
车
86	114	892	933
期
122	156	954	991
日
88	110	957	989
车
128	157	1014	1050
上
88	119	1014	1049
下
85	121	1072	1105
车
129	161	1071	1106
单
90	126	1126	1161
价
131	164	1126	1161
程
131	163	1184	1217
里
93	122	1184	1216
等
89	122	1238	1274
候
129	162	1238	1273
额
126	161	1297	1332
金
87	121	1297	1332
报
654	697	1355	1387
号
133	157	1355	1391
卡
88	123	1356	1393
凭
656	699	1429	1464
原
90	125	1413	1448
额
130	180	1411	1464
证
655	699	1468	1500
余
91	127	1469	1506
算
375	418	1847	1888
联
471	514	1849	1889
结
281	322	1844	1886
卡
104	137	1888	1926
号
147	176	1890	1926
额
143	178	1945	1978
额
448	481	1949	1983
原
104	138	1944	1978
余
406	442	1948	1983
发
103	141	1990	2029
票
148	186	1990	2030
码
234	276	1992	2030
代
189	231	1991	2030
发
102	142	2056	2096
票
148	185	2057	2097
号
192	229	2058	2098
码
236	277	2060	2097
查
104	142	2113	2154
码
237	278	2117	2155
询
170	208	2115	2155
额
128	171	1469	1506
金
653	700	978	1014
额
653	700	1014	1053
合
653	700	1053	1089
计
653	700	1090	1123
超
653	700	1125	1162
佰
653	700	1161	1195
元
651	695	1195	1230
位
645	695	1231	1263
无
645	695	1266	1299
效
645	695	1300	1338
销
656	699	1390	1430
