车
105	140	668	708
号
144	181	668	708
:
190	199	668	708
冀
206	243	668	708
时
188	224	912	949
间
230	260	912	949
司
147	177	544	581
间
230	262	798	832
发
109	145	299	340
票
153	178	300	343
代
188	228	301	344
码
232	265	303	343
发
111	140	385	425
票
151	182	385	428
号
186	223	388	429
码
225	264	390	429
识
102	141	461	501
别
166	201	464	507
码
228	264	467	504
公
107	135	542	578
代
188	225	544	585
码
232	266	548	587
起
106	141	791	833
止
145	183	791	832
时
186	223	793	833
等
105	143	910	952
候
149	180	911	950
运
103	140	1031	1064
营
148	181	1025	1067
里
191	226	1029	1067
程
230	266	1027	1065
金
105	142	1142	1188
额
149	181	1141	1184
合
185	223	1142	1182
计
230	262	1144	1182
票
146	174	1390	1435
期
225	262	1386	1428
大
103	137	1269	1304
写
145	178	1267	1302
日
189	214	1393	1426
开
101	139	1394	1433
