存
139	178	47	85
根
138	174	127	164
发
135	166	574	605
票
169	196	576	607
代
200	230	576	606
码
230	261	578	609
发
133	164	646	677
票
166	195	647	677
服
132	160	718	747
发
233	267	862	895
打
197	230	863	895
手
346	381	864	896
效
458	493	865	898
无
422	455	866	898
写
386	415	867	896
票
272	305	862	897
车
140	182	932	974
号
188	229	934	975
位
185	228	1005	1045
单
138	180	1003	1044
电
138	177	1074	1115
话
183	226	1076	1116
期
180	223	1145	1187
日
140	169	1149	1185
间
180	218	1217	1261
时
129	174	1218	1259
单
126	171	1291	1334
价
174	219	1292	1334
元
645	688	1302	1342
里
124	168	1366	1406
程
171	216	1366	1408
等
122	167	1439	1484
候
170	214	1441	1482
金
119	164	1515	1559
额
168	212	1516	1560
元
643	689	1524	1565
号
166	210	1593	1636
卡
115	163	1591	1636
额
210	256	1670	1716
卡
111	159	1668	1713
原
160	207	1670	1712
号
198	227	647	680
码
228	261	648	679
务
165	193	717	749
热
196	225	721	749
线
226	261	719	752
元
643	685	1677	1719
元
643	685	1677	1719
k
625	652	1378	1412
m
651	688	1386	1410
机
159	191	858	894
