机
64	101	527	562
打
62	101	568	606
发
63	97	610	648
票
59	97	653	692
手
59	97	720	759
写
59	96	765	803
无
59	97	809	844
效
57	96	851	891
单
151	180	175	205
位
189	219	176	204
电
152	180	252	281
话
191	220	252	280
车
194	222	328	356
号
228	259	328	358
京
320	351	328	357
证
203	232	404	433
号
235	265	404	433
期
185	214	496	524
日
151	177	497	524
间
182	211	565	596
时
146	176	566	596
单
143	172	645	676
价
178	207	644	676
里
141	171	724	753
程
179	209	724	754
等
141	172	803	834
候
178	209	804	834
状
140	172	884	914
态
179	209	883	914
额
180	212	963	995
金
140	171	964	996
油
173	202	1048	1080
费
274	304	1048	1080
附
206	236	1048	1080
加
240	270	1048	1080
燃
139	170	1051	1082
费
341	370	1130	1162
务
306	337	1132	1164
车
240	269	1132	1165
服
272	304	1132	1164
预
138	169	1134	1168
叫
206	236	1134	1165
约
172	203	1135	1168
实
138	169	1210	1243
卡
136	164	1288	1322
号
174	205	1288	1320
卡
135	163	1368	1400
卡
134	166	1446	1478
额
211	242	1441	1476
余
172	204	1443	1476
收
177	208	1209	1243
金
215	247	1210	1244
额
252	285	1208	1242
原
172	206	1366	1400
额
212	243	1364	1397
