车
238	271	940	976
号
279	312	945	978
手
173	208	1001	1036
号
282	317	1014	1047
证
239	278	1012	1041
期
286	321	1083	1117
日
251	272	1085	1113
写
178	210	1076	1108
无
180	217	1151	1180
上
248	286	1153	1183
车
293	326	1154	1204
效
184	223	1224	1255
车
297	331	1225	1263
下
253	287	1228	1258
单
256	293	1297	1335
价
300	338	1300	1335
里
262	299	1376	1405
程
304	344	1376	1408
等
265	303	1448	1488
候
309	348	1451	1485
金
266	309	1527	1565
额
314	350	1530	1565
卡
129	169	1632	1674
号
178	215	1633	1673
额
430	467	1709	1746
原
376	413	1709	1749
额
434	471	1765	1802
余
373	426	1764	1813
发
91	114	490	528
票
115	138	490	532
代
138	165	494	530
码
164	186	498	535
发
94	117	580	619
票
118	143	584	623
号
144	167	584	626
码
167	193	589	626
物
156	190	684	714
价
195	233	691	719
监
239	271	694	724
督
276	310	698	728
电
318	347	700	730
话
353	390	704	730
