电
141	179	758	803
召
191	227	760	803
话
288	330	762	805
电
242	285	760	804
车
237	279	825	872
手
140	184	835	877
号
289	329	827	872
证
236	279	902	940
写
141	180	882	922
号
289	329	900	944
无
143	184	928	966
效
141	186	970	1012
期
288	331	971	1016
上
236	279	1042	1086
车
289	330	1042	1089
车
288	330	1114	1160
下
237	278	1117	1160
单
237	279	1186	1233
价
287	331	1186	1232
里
237	277	1262	1303
程
288	328	1262	1305
等
237	276	1331	1380
候
284	328	1332	1380
金
233	275	1406	1452
额
287	325	1408	1454
含
138	183	1484	1534
电
191	227	1486	1535
费
289	324	1488	1538
召
238	274	1491	1534
料
202	231	1563	1610
附
233	262	1565	1612
加
263	292	1565	1610
费
298	323	1565	1615
电
237	273	1638	1688
话
283	323	1643	1688
公
137	179	1637	1680
司
189	221	1638	1684
日
236	287	971	1016
含
138	166	1560	1611
燃
169	202	1560	1611
