物
139	171	744	771
价
178	211	745	772
监
215	249	747	773
督
255	289	747	777
电
296	324	749	776
话
331	365	751	776
车
202	234	992	1028
号
242	275	994	1028
手
138	170	1057	1091
号
241	274	1063	1097
证
200	237	1065	1093
写
137	168	1130	1161
期
240	274	1132	1165
日
207	227	1136	1162
车
241	274	1200	1236
无
136	170	1202	1230
上
199	234	1202	1231
车
241	273	1270	1305
效
134	169	1273	1302
下
200	232	1273	1302
单
197	232	1339	1376
价
239	275	1340	1374
程
237	274	1414	1445
里
196	230	1415	1444
等
196	230	1484	1521
候
237	273	1487	1518
金
193	230	1558	1593
额
237	270	1561	1593
卡
60	96	1654	1692
号
105	138	1656	1692
额
334	368	1727	1760
原
281	316	1726	1761
额
334	368	1779	1811
余
282	317	1776	1813
发
84	107	544	580
票
112	133	542	582
代
134	156	542	582
码
157	181	542	582
发
81	105	638	682
票
108	132	638	682
号
133	154	638	682
码
155	180	638	682
