机
39	81	516	554
打
36	81	560	600
发
34	77	604	644
票
31	76	652	696
手
29	72	729	775
写
26	70	780	824
无
28	70	828	868
效
24	67	872	911
单
142	173	167	196
位
184	215	167	194
电
141	172	240	268
话
184	216	239	267
车
186	218	312	341
京
324	357	310	340
号
224	258	312	341
证
194	227	388	416
号
231	264	388	417
期
176	208	482	513
日
136	166	483	512
时
132	166	558	589
间
173	207	556	591
单
129	163	643	678
价
168	204	644	678
里
124	160	734	769
程
169	204	734	769
候
165	201	823	855
等
123	157	824	856
状
118	152	902	930
态
161	196	902	931
额
160	195	972	1000
金
114	148	972	1001
附
182	217	1044	1072
油
147	180	1045	1073
加
218	253	1045	1072
燃
111	145	1046	1074
车
214	246	1116	1142
务
284	317	1116	1144
服
248	282	1116	1143
预
106	140	1117	1144
约
144	177	1118	1144
金
181	219	1172	1203
收
146	177	1174	1201
费
254	290	1043	1075
叫
177	213	1116	1142
费
320	352	1115	1144
实
104	138	1172	1199
额
224	259	1173	1203
卡
105	135	1224	1250
号
140	172	1223	1252
卡
99	128	1268	1294
原
134	170	1273	1296
额
172	205	1274	1299
卡
99	126	1316	1338
余
132	164	1317	1342
额
170	200	1319	1342
