代
176	223	483	526
码
229	277	484	525
发
68	117	484	527
票
125	168	483	528
发
69	117	559	601
号
178	222	558	603
码
230	278	559	599
票
125	170	558	602
效
527	563	813	844
无
485	519	815	845
发
284	322	816	851
机
197	236	816	853
打
242	277	817	851
写
442	472	815	849
票
330	364	815	852
手
389	432	814	858
单
76	116	949	992
代
169	211	950	989
码
217	257	952	987
位
123	164	952	988
电
80	114	1019	1055
话
124	165	1020	1053
鲁
221	260	1081	1124
车
79	115	1085	1127
号
125	164	1085	1125
证
76	120	1158	1191
号
126	164	1153	1194
日
87	110	1227	1259
期
125	165	1221	1262
车
128	165	1290	1334
上
79	119	1294	1330
车
128	166	1359	1405
下
80	117	1365	1402
单
79	120	1430	1476
价
126	170	1431	1472
里
80	119	1507	1544
程
127	170	1505	1543
等
79	120	1574	1620
候
127	169	1577	1615
状
79	124	1651	1689
态
132	169	1646	1688
金
79	124	1721	1763
额
129	170	1721	1760
号
132	171	1792	1836
卡
82	123	1792	1837
密
104	158	1921	1982
码
167	226	1922	1978
