发
125	169	440	478
代
224	267	438	476
码
273	318	439	475
票
182	217	440	478
发
124	170	506	548
号
225	266	505	550
码
274	318	506	546
票
176	218	506	549
手
423	454	752	787
效
541	574	753	783
打
282	314	754	787
发
320	354	754	787
无
503	533	755	783
机
242	277	754	788
写
463	492	754	786
票
361	393	754	787
单
137	171	878	916
代
218	253	880	914
位
177	213	881	913
码
259	295	881	914
电
139	168	940	971
话
177	213	942	969
车
136	169	996	1032
号
177	210	998	1032
鲁
260	295	996	1033
证
133	171	1055	1088
号
176	210	1056	1092
日
142	161	1120	1149
期
175	209	1116	1151
车
178	210	1176	1213
上
135	170	1177	1208
车
178	211	1237	1273
下
137	169	1240	1270
单
136	171	1295	1333
价
177	213	1297	1331
里
137	170	1360	1388
程
177	213	1358	1389
候
175	211	1418	1448
等
135	170	1414	1452
状
133	170	1477	1509
态
178	210	1475	1509
额
176	209	1539	1569
金
132	170	1535	1569
卡
133	169	1594	1631
号
176	210	1596	1631
话
169	204	940	971
密
146	194	1699	1755
码
204	253	1704	1755
