位
220	247	420	447
单
184	210	421	448
电
183	209	489	515
话
220	247	488	515
京
339	368	554	583
车
220	248	557	585
号
253	281	557	585
号
258	287	627	655
证
228	258	627	655
日
180	205	717	744
期
213	240	717	745
机
100	137	747	781
间
210	238	782	811
时
178	205	784	811
打
101	138	785	820
发
100	135	823	859
单
176	203	855	883
价
207	235	855	883
票
99	134	862	897
手
98	133	922	957
里
174	201	926	953
程
208	238	926	955
写
98	133	962	996
等
173	201	996	1024
候
206	235	997	1024
无
95	132	1000	1033
效
95	131	1037	1073
状
171	199	1066	1094
态
203	234	1066	1096
金
168	197	1138	1166
额
206	234	1138	1166
燃
167	195	1214	1242
费
290	318	1214	1243
加
258	288	1214	1243
油
197	225	1213	1241
附
227	257	1210	1244
预
164	195	1289	1318
车
257	285	1289	1317
叫
227	254	1289	1317
服
288	317	1290	1319
约
196	224	1289	1318
实
164	193	1355	1384
卡
157	186	1564	1594
余
192	222	1565	1597
务
321	348	1288	1323
费
353	379	1289	1321
收
197	229	1352	1391
金
233	266	1356	1388
额
270	300	1353	1387
卡
161	192	1424	1459
号
199	223	1423	1456
卡
158	188	1494	1526
原
194	222	1494	1529
额
226	260	1491	1528
额
230	259	1563	1598
