单
161	189	341	369
位
200	230	341	370
电
162	191	415	446
话
202	232	417	446
车
207	237	493	525
号
242	272	494	525
京
334	363	496	526
证
218	248	572	602
号
250	280	572	603
日
171	198	669	697
期
207	234	669	699
机
87	126	700	735
打
89	126	742	779
时
172	199	741	770
间
207	235	740	771
发
93	128	783	821
单
174	201	819	848
价
207	235	819	848
票
91	129	826	862
手
93	130	890	927
里
174	204	893	923
程
209	240	894	923
写
95	130	933	969
等
176	205	970	999
候
212	241	971	998
无
96	133	975	1009
效
96	134	1014	1051
状
177	208	1046	1074
态
214	244	1044	1074
金
179	208	1120	1149
额
218	248	1120	1149
费
308	335	1196	1226
加
274	304	1197	1227
附
244	273	1195	1227
服
307	336	1273	1302
车
277	306	1274	1302
预
181	212	1276	1306
叫
246	273	1275	1303
约
215	243	1276	1304
额
290	319	1337	1369
实
184	212	1344	1372
金
250	284	1342	1378
号
217	248	1412	1441
卡
183	206	1413	1443
额
254	283	1480	1510
卡
182	212	1482	1512
额
254	283	1548	1578
余
219	249	1550	1580
卡
184	213	1552	1581
燃
177	212	1195	1230
油
215	240	1197	1227
收
218	254	1340	1377
务
340	372	1267	1304
费
372	403	1269	1305
原
218	249	1477	1515
