码
146	188	363	402
代
95	139	361	402
号
99	139	446	489
码
148	190	448	486
车
226	266	823	868
号
279	320	824	869
手
144	191	854	896
工
226	269	900	929
号
279	321	893	937
写
147	189	924	968
期
280	323	960	1002
日
236	262	965	999
无
149	192	997	1036
车
283	324	1026	1071
上
228	274	1029	1067
效
150	196	1065	1107
车
286	326	1093	1137
下
233	273	1098	1135
价
337	383	1159	1202
起
230	278	1160	1203
租
284	331	1162	1202
价
285	331	1228	1270
程
286	332	1298	1337
里
234	276	1301	1336
候
286	333	1364	1403
等
235	278	1361	1408
额
290	331	1431	1468
金
238	276	1429	1468
单
234	276	1228	1275
税
219	273	751	802
号
277	316	756	801
