机
56	96	499	538
打
56	96	544	585
发
58	95	590	630
票
56	95	636	676
手
56	96	706	746
写
56	96	752	792
无
59	98	797	835
效
60	100	840	880
话
185	214	222	252
号
225	254	300	329
证
200	231	370	401
号
234	264	374	404
日
147	175	466	496
期
184	215	468	498
间
184	214	541	576
时
144	176	543	576
单
144	175	627	659
价
180	211	628	660
里
144	174	710	742
程
183	215	710	741
等
144	176	793	825
候
184	216	794	825
状
148	180	876	906
态
188	220	876	907
金
151	183	958	992
额
194	226	960	991
油
190	221	1048	1082
燃
152	187	1048	1083
预
154	186	1137	1170
约
191	224	1139	1172
金
236	267	1212	1245
实
152	184	1214	1247
收
195	225	1213	1247
号
191	223	1295	1328
卡
150	180	1296	1330
卡
148	180	1378	1412
额
230	262	1376	1411
额
228	260	1459	1491
卡
147	180	1460	1492
余
188	220	1459	1492
单
144	173	141	172
位
182	214	147	178
电
141	175	215	249
车
189	218	293	328
京
316	344	312	343
附
223	258	1046	1085
加
260	294	1048	1084
费
294	328	1048	1085
原
188	223	1376	1413
叫
227	260	1140	1172
车
263	292	1138	1172
服
297	328	1139	1175
务
334	364	1138	1174
费
369	400	1138	1172
额
273	307	1213	1248
