单
170	199	464	492
电
170	197	535	563
话
209	237	535	563
号
241	272	606	634
车
211	238	607	635
京
332	362	605	633
证
218	247	677	704
号
248	280	677	704
日
168	194	765	791
期
202	230	765	792
机
85	122	793	827
时
165	194	832	860
打
86	122	833	868
间
200	228	831	861
发
86	121	873	910
单
164	193	905	936
价
197	226	906	935
票
83	120	913	949
手
83	120	976	1013
里
161	191	979	1007
程
197	227	979	1008
写
83	120	1018	1054
等
163	191	1054	1084
候
197	227	1055	1084
无
84	122	1058	1094
效
84	122	1098	1137
状
163	193	1130	1159
态
199	228	1129	1159
金
164	194	1204	1233
额
202	231	1204	1234
油
196	224	1280	1312
附
226	257	1281	1311
燃
165	194	1282	1311
费
289	317	1283	1312
加
257	286	1283	1312
服
288	317	1357	1389
预
165	194	1359	1388
务
317	348	1359	1391
车
257	286	1360	1388
叫
226	255	1360	1388
约
196	224	1359	1388
实
164	194	1426	1455
号
198	227	1489	1524
卡
162	191	1565	1594
卡
163	191	1635	1665
余
197	227	1635	1665
位
207	242	460	494
费
353	383	1359	1394
收
200	229	1423	1458
金
234	268	1425	1458
额
267	303	1420	1460
卡
164	198	1492	1524
原
197	228	1562	1597
额
232	264	1560	1601
额
230	268	1631	1667
