发
83	126	427	468
码
236	279	427	466
代
184	228	425	467
票
136	177	427	468
发
82	126	556	597
码
234	280	556	595
号
186	226	555	598
票
135	177	555	598
督
131	178	695	741
电
188	225	696	738
监
77	125	696	738
话
234	281	699	736
效
671	718	814	859
无
619	664	819	860
发
366	411	820	866
手
513	560	820	864
机
262	309	822	867
打
315	361	821	866
写
568	609	819	862
单
149	195	969	1019
位
202	248	973	1014
电
148	186	1061	1103
话
201	250	1063	1102
车
144	188	1151	1200
号
198	242	1151	1200
晋
347	396	1148	1196
日
150	178	1247	1287
期
193	240	1241	1289
车
191	236	1331	1383
上
133	183	1334	1378
卷
718	763	1396	1442
车
191	236	1428	1481
下
136	180	1433	1478
筒
721	759	1449	1496
发
721	767	1504	1547
单
131	179	1525	1581
价
188	238	1527	1578
票
723	767	1555	1601
可
725	769	1613	1652
里
132	179	1628	1671
程
186	237	1627	1674
不
727	768	1664	1704
加
726	771	1714	1753
状
128	180	1728	1775
态
190	234	1724	1776
盖
728	773	1765	1810
等
127	175	1824	1883
企
729	775	1820	1864
候
183	233	1829	1877
业
731	775	1875	1914
额
181	230	1932	1983
戳
730	780	1926	1976
金
121	176	1930	1984
记
731	780	1985	2026
票
412	466	820	866
