票
143	180	524	562
票
144	183	620	658
号
191	228	620	658
码
239	274	620	658
发
359	393	909	944
票
400	433	909	944
写
509	543	904	940
单
134	176	1037	1083
位
201	246	1040	1079
日
140	166	1316	1356
上
128	173	1385	1427
车
200	241	1384	1428
下
131	171	1458	1498
车
199	238	1456	1502
单
133	173	1525	1568
等
134	176	1660	1708
候
200	245	1664	1705
额
206	247	1799	1837
车
134	175	1173	1220
号
202	244	1173	1220
蒙
292	333	1173	1220
发
96	136	526	563
代
188	228	525	564
码
233	274	522	561
发
97	136	620	662
信
102	140	716	751
息
168	207	714	756
码
236	277	713	753
机
273	312	908	949
打
318	354	909	945
手
467	504	907	944
无
548	586	904	942
效
590	627	904	941
电
134	175	1108	1149
话
200	246	1106	1147
证
131	177	1245	1285
号
203	242	1244	1290
期
198	243	1314	1360
价
196	244	1528	1571
里
130	174	1596	1637
程
200	246	1596	1637
状
134	184	1732	1775
态
206	248	1732	1776
金
138	179	1794	1836
