发
0	54	828	889
码
202	262	818	879
发
4	66	1010	1071
码
209	271	1004	1064
督
205	255	1149	1201
电
269	309	1149	1197
话
324	373	1150	1193
监
146	196	1151	1200
位
300	348	1271	1316
经
145	190	1275	1317
电
150	190	1392	1439
话
200	249	1394	1436
证
142	192	1517	1557
车
142	186	1630	1681
陕
308	355	1634	1680
号
197	241	1632	1682
日
148	174	1760	1798
车
197	240	1872	1923
上
141	187	1873	1918
车
192	238	1993	2045
下
139	182	1997	2040
机
729	775	2026	2070
打
728	771	2083	2128
发
727	772	2139	2184
票
727	770	2195	2241
里
135	178	2234	2274
程
187	234	2235	2279
手
726	768	2294	2341
等
133	177	2347	2400
候
186	231	2354	2401
写
726	765	2352	2396
无
725	766	2409	2447
效
723	765	2462	2503
额
188	232	2472	2519
金
133	181	2464	2513
票
63	122	826	888
代
129	194	821	883
票
71	130	1007	1075
号
143	198	1005	1071
营
199	242	1274	1322
单
248	295	1271	1320
编
355	399	1271	1315
号
407	451	1269	1318
号
200	247	1513	1564
期
192	242	1756	1807
单
139	177	2110	2160
价
190	231	2114	2164
