单
143	172	811	841
位
183	214	812	842
电
143	172	890	922
话
185	215	893	923
车
187	217	972	1001
京
319	351	974	1005
号
224	254	973	1003
证
199	227	1050	1081
号
231	261	1051	1081
日
144	171	1146	1175
期
182	210	1147	1176
机
54	93	1175	1213
打
54	93	1219	1259
时
142	172	1220	1251
间
180	210	1219	1251
发
56	93	1264	1302
单
142	172	1301	1332
价
178	209	1302	1333
票
53	92	1309	1349
手
52	91	1379	1419
里
140	170	1382	1414
程
180	211	1382	1414
写
52	90	1426	1466
等
140	171	1466	1498
候
178	210	1467	1498
无
51	92	1471	1510
效
51	91	1516	1557
状
139	171	1549	1581
态
180	212	1548	1582
金
138	170	1634	1668
额
182	214	1634	1667
费
281	309	1722	1756
加
244	276	1723	1759
油
174	205	1724	1758
附
209	240	1724	1757
燃
138	170	1726	1759
务
312	344	1809	1843
服
277	309	1810	1844
车
243	273	1812	1844
叫
209	239	1814	1845
预
138	170	1816	1851
约
174	205	1815	1848
费
348	388	1810	1846
实
138	169	1894	1928
金
217	250	1894	1926
额
257	297	1890	1923
卡
136	163	1976	2008
号
173	208	1974	2008
额
211	246	2047	2087
卡
136	166	2058	2091
原
176	207	2050	2089
卡
136	168	2138	2173
额
215	247	2134	2168
余
176	209	2136	2172
码
159	199	2228	2268
密
31	71	2238	2281
收
177	210	1890	1926
