单
140	170	604	636
位
181	212	605	637
电
142	172	686	718
话
184	214	687	718
京
319	350	766	797
车
188	218	767	797
号
224	255	767	799
号
232	263	845	877
证
199	228	846	876
日
146	174	944	974
期
184	213	944	974
机
58	98	977	1015
间
183	213	1017	1049
时
145	175	1019	1049
打
59	98	1021	1060
发
60	97	1064	1103
单
146	174	1099	1130
价
180	211	1099	1130
票
58	97	1109	1148
手
57	96	1176	1217
程
182	213	1178	1210
里
143	173	1179	1211
写
57	95	1222	1262
等
143	174	1261	1293
候
182	213	1261	1292
无
56	97	1267	1306
效
56	96	1310	1352
状
142	174	1344	1376
态
182	214	1343	1376
额
185	216	1426	1460
金
141	173	1427	1461
加
246	278	1514	1549
费
282	312	1514	1548
附
212	244	1515	1548
油
178	208	1516	1549
燃
142	174	1518	1549
务
316	348	1601	1635
费
352	386	1601	1637
服
282	313	1602	1636
预
143	175	1604	1639
车
247	278	1604	1636
叫
213	243	1604	1637
约
179	209	1605	1638
收
185	216	1681	1717
实
144	175	1682	1714
卡
143	174	1760	1792
号
182	215	1760	1793
卡
143	175	1838	1871
额
220	253	1828	1871
原
182	219	1831	1870
卡
144	177	1916	1948
余
183	216	1916	1948
额
222	254	1917	1948
额
256	294	1682	1714
金
221	257	1681	1716
