发
78	120	314	364
代
176	217	325	375
票
128	168	324	368
码
221	264	337	380
发
74	117	442	489
号
170	210	452	498
票
125	164	448	493
码
218	262	459	502
号
197	236	775	818
车
149	189	772	816
手
61	97	823	863
证
147	190	850	890
号
197	236	851	894
日
155	180	927	965
期
195	235	926	970
写
57	96	908	948
上
145	186	1003	1043
无
56	95	994	1031
车
195	234	1003	1046
下
144	187	1080	1121
效
54	93	1075	1116
车
193	234	1079	1123
价
193	235	1156	1200
单
149	186	1155	1199
程
192	235	1233	1277
里
149	185	1234	1275
候
191	234	1310	1354
等
148	185	1309	1355
额
191	233	1388	1434
金
142	184	1387	1431
附
418	454	1458	1497
电
71	106	1456	1495
含
26	62	1456	1496
加
462	496	1458	1496
油
374	409	1458	1496
调
114	151	1458	1495
费
163	196	1457	1497
燃
330	369	1458	1496
卡
23	47	1512	1552
号
55	90	1514	1553
额
307	344	1576	1616
原
243	281	1576	1615
额
307	343	1625	1664
余
243	282	1622	1664
加
323	365	1744	1781
费
508	546	1458	1496
