机
53	92	539	576
打
53	92	581	620
发
52	90	624	664
票
50	90	668	708
手
48	88	736	776
写
48	86	781	820
无
46	86	825	864
效
45	85	868	910
单
144	173	181	212
位
183	213	183	213
电
144	172	259	290
话
184	213	261	291
车
186	214	338	367
京
313	343	340	368
号
220	252	339	368
证
193	224	412	441
号
226	257	413	443
期
176	206	506	536
日
141	168	507	536
时
139	168	580	611
间
176	204	579	611
单
136	166	659	692
价
171	201	660	690
里
132	163	739	769
程
171	201	738	769
等
132	162	819	850
候
168	200	819	849
状
129	161	900	931
态
168	199	897	930
额
168	200	979	1012
金
128	160	981	1014
费
261	291	1061	1094
加
227	257	1064	1096
油
160	191	1065	1100
燃
127	158	1068	1102
附
194	225	1064	1097
费
326	356	1145	1177
务
292	323	1146	1179
服
259	289	1148	1180
车
226	256	1149	1182
叫
193	223	1151	1183
预
124	157	1155	1191
约
160	191	1153	1187
金
202	233	1227	1260
收
164	194	1229	1263
实
125	156	1233	1267
号
161	192	1308	1343
卡
124	156	1313	1347
额
198	228	1384	1418
原
160	192	1386	1423
卡
121	154	1393	1428
额
198	229	1463	1498
卡
124	155	1476	1509
余
161	192	1468	1504
额
238	271	1223	1258
