机
51	88	525	562
打
50	88	568	607
发
50	87	610	648
票
48	85	653	692
手
48	84	720	757
写
50	84	763	800
无
52	88	804	839
效
52	88	843	881
单
138	168	180	208
位
177	206	180	209
电
138	166	252	281
话
178	207	254	282
车
180	209	327	356
京
305	336	331	360
号
213	244	328	357
证
188	217	401	431
号
220	251	403	432
日
136	163	496	524
期
171	200	496	526
时
133	162	568	598
间
169	198	567	599
单
132	160	647	677
价
165	196	647	677
里
128	159	724	753
程
166	196	724	754
等
129	160	801	832
候
165	196	803	833
状
131	161	878	908
态
168	197	880	910
金
133	164	952	982
额
172	203	954	984
燃
136	165	1031	1062
油
167	196	1032	1062
费
264	293	1037	1068
加
231	260	1035	1066
附
200	229	1033	1064
预
135	165	1110	1141
叫
200	228	1114	1144
车
232	260	1114	1144
服
264	294	1116	1146
约
168	197	1112	1143
实
136	165	1181	1212
号
169	200	1256	1288
卡
133	164	1255	1291
卡
132	162	1330	1362
卡
131	161	1406	1438
余
167	199	1406	1440
额
204	234	1408	1440
务
293	324	1116	1148
费
330	358	1116	1150
收
171	201	1182	1213
金
208	239	1183	1216
额
245	276	1184	1217
原
168	197	1330	1361
额
204	236	1330	1365
