机
74	113	516	553
打
75	112	558	596
发
76	113	599	636
票
76	115	640	676
手
76	114	702	740
写
77	114	744	782
无
77	116	786	823
效
76	116	827	865
单
165	193	178	203
位
204	233	178	202
电
162	189	242	271
话
201	230	244	270
车
202	231	315	344
号
236	268	316	344
京
330	360	315	344
证
210	239	390	420
号
242	273	391	421
期
195	223	485	514
日
159	186	486	514
时
159	188	556	585
间
195	223	555	585
单
159	188	631	660
价
192	221	631	660
程
193	224	703	733
里
158	187	704	733
等
159	188	780	810
候
194	224	780	810
状
158	188	856	886
态
196	224	856	887
金
158	188	933	964
额
197	227	933	964
附
224	252	1012	1044
费
288	316	1013	1044
油
192	220	1014	1044
加
255	284	1013	1044
燃
159	189	1015	1046
预
159	190	1093	1124
车
256	285	1093	1122
叫
224	252	1094	1123
约
192	221	1095	1124
实
162	191	1159	1184
卡
166	195	1271	1292
服
288	318	1092	1124
务
320	347	1091	1121
费
352	380	1091	1122
收
198	226	1157	1184
金
234	264	1157	1185
额
268	301	1157	1188
卡
165	193	1215	1244
号
198	227	1218	1244
原
201	231	1270	1295
额
235	265	1272	1295
卡
171	198	1320	1344
余
204	235	1319	1344
额
239	266	1319	1344
