单
141	168	535	565
位
181	210	537	568
电
141	169	615	644
话
183	210	616	644
车
184	212	692	720
号
221	249	693	723
京
314	341	695	725
号
229	256	770	800
证
198	221	769	799
期
179	207	866	895
日
142	169	867	895
机
50	93	899	934
时
141	168	939	967
打
56	93	940	978
间
177	206	937	968
发
57	91	983	1018
单
140	168	1017	1047
价
174	203	1017	1046
票
53	92	1025	1063
里
138	167	1094	1123
程
177	207	1094	1123
手
55	92	1092	1129
写
55	92	1135	1171
等
139	167	1172	1202
候
177	205	1173	1202
无
55	92	1177	1214
效
56	92	1220	1258
状
138	167	1252	1283
态
177	205	1251	1283
金
136	166	1332	1365
额
178	208	1332	1363
费
272	300	1417	1449
附
203	233	1418	1449
加
237	267	1418	1449
油
169	199	1419	1451
燃
135	166	1420	1452
务
304	332	1502	1536
服
271	300	1503	1535
车
238	264	1504	1535
预
135	166	1506	1540
叫
204	233	1505	1536
约
170	200	1506	1539
费
338	367	1503	1541
额
251	283	1580	1613
金
211	241	1581	1615
收
175	203	1582	1615
实
135	165	1583	1615
号
172	201	1661	1696
卡
133	161	1663	1696
额
206	239	1738	1775
卡
131	162	1746	1779
原
167	202	1740	1777
额
209	240	1822	1858
余
170	201	1825	1860
卡
130	161	1828	1862
码
152	193	1918	1959
密
23	64	1922	1967
