机
45	86	541	580
打
45	85	585	626
发
44	83	630	670
票
42	83	675	715
手
40	80	744	785
写
40	78	791	831
无
37	77	836	876
效
36	76	880	923
单
141	171	182	212
位
181	212	183	212
电
140	169	259	290
话
182	212	260	290
车
183	213	337	368
号
218	250	339	368
京
313	344	339	369
证
191	221	415	444
号
224	256	415	445
期
173	202	510	540
日
136	164	511	539
时
133	164	584	615
间
171	200	583	615
单
131	161	665	698
价
166	196	665	696
程
166	197	745	777
里
126	158	747	778
等
126	157	829	861
候
164	196	829	861
状
123	155	911	944
态
163	194	910	944
额
163	195	994	1027
金
120	152	996	1029
费
256	286	1075	1109
加
221	252	1079	1112
油
153	184	1081	1116
附
188	219	1079	1112
燃
118	150	1085	1119
服
254	284	1163	1197
车
220	251	1165	1198
叫
186	216	1168	1200
预
116	148	1173	1210
费
323	352	1159	1192
约
152	184	1172	1205
实
116	147	1253	1288
卡
112	143	1332	1365
号
152	184	1328	1362
额
188	220	1403	1437
卡
110	143	1412	1445
额
188	219	1484	1516
卡
110	142	1493	1527
余
148	182	1487	1523
收
155	188	1249	1284
金
195	228	1245	1280
原
148	184	1408	1444
务
290	319	1159	1194
额
233	264	1241	1276
