代
256	288	302	334
码
294	325	302	333
号
260	289	369	402
码
297	328	369	399
税
354	390	598	636
车
359	389	656	692
号
399	430	656	691
手
299	333	679	711
号
401	431	708	743
工
361	392	714	736
写
302	333	732	764
日
368	387	763	790
期
401	444	756	791
无
304	336	786	816
车
404	434	810	844
上
363	396	812	840
效
305	339	837	871
车
406	435	861	894
下
367	396	864	893
起
365	400	912	943
价
446	480	913	945
租
406	441	914	944
单
369	401	960	994
价
408	441	962	995
里
372	402	1015	1041
程
409	443	1015	1044
等
373	403	1061	1096
候
410	443	1065	1094
金
372	406	1111	1144
卡
289	313	1162	1188
号
319	341	1164	1189
原
462	484	1229	1254
额
492	515	1231	1254
号
400	433	605	638
额
412	445	1115	1147
