机
68	105	543	580
打
68	104	584	622
发
67	103	625	663
票
64	102	667	704
手
63	100	732	769
写
62	98	775	812
无
60	98	816	853
效
60	97	858	897
单
144	172	188	220
位
182	212	188	219
电
145	173	267	298
话
185	214	268	298
车
189	218	344	374
京
315	344	345	375
号
224	253	346	376
证
199	228	420	448
号
231	261	420	450
期
185	212	512	542
日
151	176	513	540
时
149	177	584	613
间
184	212	582	613
单
147	175	660	689
价
180	208	660	689
程
180	209	735	765
里
143	172	736	764
候
178	208	812	844
等
142	172	812	842
状
140	171	890	920
态
178	208	889	920
额
179	209	968	1000
金
138	168	968	1000
费
268	298	1049	1081
附
203	233	1051	1081
加
236	265	1050	1082
油
170	200	1051	1083
燃
137	168	1052	1084
费
332	361	1130	1162
务
299	329	1131	1162
服
267	296	1132	1164
车
235	264	1132	1164
预
136	167	1134	1167
叫
202	231	1133	1164
约
170	200	1134	1166
金
211	241	1205	1237
收
174	202	1206	1238
实
136	165	1207	1239
卡
133	164	1281	1314
号
170	201	1282	1313
额
206	236	1355	1387
卡
132	163	1356	1388
原
168	200	1356	1385
余
169	200	1428	1461
额
205	236	1428	1460
卡
132	163	1429	1461
额
245	278	1203	1239
