电
275	310	933	973
督
219	263	934	977
话
322	366	934	969
监
167	210	936	977
单
260	302	1032	1076
位
305	348	1036	1072
经
170	209	1040	1075
营
217	255	1036	1077
电
174	208	1135	1173
话
217	260	1136	1171
号
217	257	1234	1276
证
167	211	1239	1275
车
171	209	1335	1380
陕
318	359	1333	1373
号
219	258	1334	1377
日
180	203	1447	1481
期
219	260	1441	1483
车
228	267	1541	1588
上
179	220	1545	1583
车
230	268	1646	1691
机
698	739	1643	1681
下
181	218	1651	1690
打
702	739	1690	1726
单
179	217	1749	1787
发
703	743	1737	1773
价
228	272	1749	1794
票
706	743	1784	1824
里
181	221	1859	1896
程
229	272	1856	1897
写
711	745	1922	1958
等
179	221	1959	2008
候
227	271	1962	2003
无
713	751	1973	2008
效
713	754	2022	2060
额
229	271	2069	2112
金
179	225	2067	2113
发
35	91	662	723
票
97	150	661	720
代
157	213	659	719
码
222	271	662	714
发
41	91	819	871
票
103	154	812	873
号
163	212	814	870
码
226	276	814	864
编
353	390	1034	1074
号
399	441	1029	1075
手
708	743	1871	1913
