督
153	196	595	637
监
106	149	597	639
服
250	293	640	683
客
203	243	644	686
司
155	192	648	687
公
106	150	651	691
单
183	225	702	745
位
233	276	699	742
车
186	228	790	834
号
236	279	788	830
工
192	234	872	906
号
241	284	866	906
日
203	236	944	981
期
249	290	940	981
间
257	295	1014	1052
时
205	247	1014	1053
价
261	303	1089	1129
单
213	254	1090	1130
程
267	309	1159	1197
里
219	261	1162	1198
等
223	265	1240	1281
候
272	314	1241	1279
额
277	320	1311	1348
金
230	269	1312	1349
A
391	432	778	819
电
205	246	590	637
话
247	294	583	635
电
301	344	635	682
话
347	392	631	678
皖
329	389	769	827
发
94	137	415	476
票
136	161	413	472
代
166	196	412	470
码
198	228	412	466
发
105	128	516	576
票
136	163	517	573
号
166	192	513	572
码
197	227	511	571
卡
244	291	1454	1498
号
292	326	1452	1495
卡
250	290	1518	1550
原
298	333	1513	1552
额
340	385	1513	1548
卡
262	296	1572	1600
余
303	343	1569	1602
额
349	393	1570	1607
除
159	202	1334	1375
客
167	204	1377	1416
户
173	206	1426	1463
名
179	212	1463	1491
称
181	219	1502	1529
外
189	220	1535	1564
手
195	224	1567	1593
写
197	235	1593	1627
无
207	242	1627	1651
效
218	247	1652	1674
