价
144	180	781	814
监
185	221	781	812
督
226	265	781	815
电
273	303	781	812
物
101	136	782	814
话
310	348	783	811
车
171	206	1063	1102
号
214	250	1064	1102
手
100	136	1138	1177
号
213	248	1142	1180
证
167	207	1145	1177
期
211	248	1221	1259
日
175	198	1225	1256
写
99	134	1221	1257
车
212	247	1300	1342
上
166	204	1302	1337
无
96	134	1304	1337
车
211	246	1381	1424
效
95	133	1386	1421
下
167	202	1386	1420
单
163	202	1463	1507
价
208	249	1465	1506
里
163	200	1552	1586
程
207	247	1552	1589
等
160	198	1632	1677
候
204	246	1636	1674
金
156	200	1719	1759
额
204	243	1722	1759
卡
18	56	1826	1870
号
64	101	1829	1872
额
311	349	1913	1951
原
255	292	1911	1952
余
254	296	1966	2009
额
311	349	1970	2008
发
44	70	556	602
票
72	94	556	602
代
95	121	556	602
码
124	146	556	602
发
41	68	667	712
票
68	92	667	712
号
93	118	667	712
码
119	145	667	712
