代
183	235	826	882
发
71	120	843	896
码
242	294	818	871
督
241	287	1120	1167
监
190	234	1124	1170
单
288	331	1230	1280
位
334	379	1231	1274
营
243	282	1234	1282
经
197	237	1241	1280
电
205	242	1349	1392
话
250	294	1350	1389
号
253	293	1459	1505
证
202	247	1465	1502
车
200	239	1569	1615
陕
346	387	1566	1607
号
248	288	1568	1613
日
200	225	1686	1722
期
238	279	1680	1725
车
239	278	1788	1836
上
188	231	1790	1831
车
236	277	1901	1951
下
187	227	1906	1947
机
725	769	1918	1960
打
724	765	1971	2013
单
184	226	2012	2062
发
724	766	2025	2068
价
233	278	2015	2061
票
725	764	2080	2123
里
181	222	2132	2171
程
229	273	2131	2174
手
726	764	2179	2224
等
176	218	2241	2292
候
224	268	2247	2292
写
726	762	2237	2280
无
725	766	2295	2333
效
725	767	2349	2391
额
222	265	2361	2407
金
171	217	2349	2403
编
385	430	1233	1274
号
433	477	1226	1272
电
296	339	1118	1164
话
347	395	1115	1157
票
125	175	834	896
发
74	125	1005	1063
票
128	183	1000	1054
号
188	236	991	1051
码
246	304	989	1041
