机
59	98	536	573
打
64	99	579	615
发
69	104	619	654
票
72	108	659	694
手
80	112	719	754
写
79	113	760	794
无
84	120	799	833
效
84	122	837	874
电
126	155	248	279
话
168	196	247	276
车
175	203	326	356
号
209	240	324	355
京
304	334	320	351
证
186	217	403	433
号
219	251	402	432
日
141	168	501	532
期
176	206	501	530
时
144	173	572	602
间
181	209	572	601
单
152	180	648	676
价
184	212	648	676
程
192	221	717	745
里
156	185	719	747
候
196	226	790	819
等
160	190	792	820
状
165	196	864	892
态
202	231	862	890
额
208	237	933	963
金
169	200	936	964
费
300	328	1004	1036
加
268	297	1008	1036
附
237	266	1008	1037
油
207	234	1010	1039
燃
175	204	1012	1040
费
368	396	1077	1106
服
304	332	1081	1112
车
272	300	1084	1112
叫
242	269	1085	1112
预
178	208	1088	1121
额
288	318	1148	1176
收
220	247	1152	1180
实
184	212	1153	1181
卡
188	214	1220	1246
号
223	250	1218	1245
额
260	287	1282	1310
卡
191	218	1285	1313
额
264	292	1348	1375
卡
195	222	1352	1378
余
228	258	1350	1377
单
119	151	167	200
位
158	190	166	198
约
212	240	1087	1119
务
335	364	1078	1110
原
226	254	1282	1312
金
253	283	1148	1180
