发
21	83	434	494
代
156	214	446	504
票
92	148	441	498
码
222	281	452	508
发
20	83	549	609
码
222	281	565	621
票
92	148	555	614
号
158	212	560	628
别
127	176	675	732
识
22	80	669	720
码
222	282	680	735
手
739	795	793	846
写
741	791	856	910
无
737	792	921	971
效
735	793	980	1036
司
168	209	1065	1121
公
25	89	1047	1114
电
33	82	1162	1216
话
161	220	1166	1215
车
30	84	1255	1319
号
162	217	1260	1317
冀
302	355	1259	1316
证
26	88	1364	1411
号
162	217	1356	1413
日
40	74	1462	1509
期
160	215	1453	1509
车
164	216	1548	1608
上
30	88	1557	1609
下
33	86	1659	1712
车
161	226	1639	1705
价
151	225	1743	1800
程
160	217	1845	1898
候
159	215	1941	1994
等
32	88	1951	2014
单
32	88	1753	1809
里
33	90	1860	1912
