机
43	86	554	594
打
44	85	600	640
发
48	87	646	685
票
47	89	691	731
手
49	91	760	800
写
52	91	805	844
无
54	94	849	887
效
54	94	892	931
单
131	165	172	203
电
131	165	249	282
话
176	210	250	282
号
216	254	334	367
车
179	214	334	364
京
319	353	334	366
证
188	226	415	446
号
228	263	416	447
单
136	171	681	720
里
137	172	762	793
程
177	213	757	793
候
179	214	844	875
等
140	175	845	875
金
141	178	1004	1034
额
184	219	1004	1033
预
148	182	1159	1188
约
184	215	1159	1187
位
174	208	173	206
日
134	169	516	553
期
175	210	516	551
时
136	169	596	632
间
175	209	594	631
价
175	208	680	716
状
141	175	924	957
态
180	215	923	956
燃
146	180	1082	1112
油
180	212	1084	1114
附
214	246	1081	1112
加
247	282	1082	1113
费
284	314	1080	1111
叫
216	250	1158	1187
车
252	282	1156	1187
服
283	316	1156	1184
务
318	349	1154	1188
费
353	382	1154	1184
实
151	183	1222	1251
收
189	223	1222	1252
金
228	262	1221	1253
额
264	298	1222	1252
卡
152	184	1289	1319
号
190	219	1289	1320
卡
155	185	1353	1383
原
189	223	1352	1384
额
226	259	1350	1381
卡
157	189	1418	1448
余
194	225	1418	1448
额
228	259	1416	1445
