发
141	172	480	510
代
205	234	481	510
码
234	265	482	510
票
173	203	482	510
机
161	195	762	794
手
346	379	763	795
发
235	268	763	794
打
199	233	762	794
票
272	306	763	795
车
142	183	833	870
号
188	230	834	872
单
138	180	900	939
位
184	226	901	940
电
138	176	968	1007
话
181	224	970	1009
期
176	219	1038	1079
日
139	168	1042	1076
间
176	215	1108	1150
时
128	170	1108	1149
单
125	168	1180	1224
价
170	215	1181	1224
元
637	680	1190	1229
程
168	210	1255	1296
里
122	165	1256	1294
等
120	164	1327	1372
候
166	208	1329	1370
金
117	159	1402	1443
额
163	206	1403	1445
元
634	678	1411	1451
号
160	204	1477	1520
卡
113	156	1476	1519
原
156	201	1552	1595
额
203	247	1553	1597
卡
110	153	1550	1595
元
629	674	1563	1604
额
201	245	1629	1674
卡
108	151	1627	1671
元
627	673	1640	1682
余
154	198	1628	1671
发
138	171	549	582
票
171	204	553	582
码
234	264	552	582
号
205	231	552	585
服
136	165	621	651
务
168	195	621	651
热
195	229	621	655
线
232	262	622	652
写
384	417	765	796
无
421	454	762	798
效
454	489	760	796
k
615	643	1261	1300
m
643	685	1267	1303
