码
184	214	340	376
代
141	172	343	382
码
181	213	430	467
号
139	169	436	475
期
252	287	519	559
开
132	167	525	563
票
174	207	522	563
单
132	168	617	658
位
179	215	616	656
税
135	172	717	756
电
135	166	819	856
话
177	214	818	855
车
125	162	907	944
号
174	209	907	946
间
245	278	1003	1041
时
204	240	1002	1041
价
162	200	1093	1132
单
113	152	1092	1133
里
109	145	1191	1229
程
157	195	1191	1230
等
107	143	1297	1340
候
150	184	1298	1340
时
191	227	1298	1341
附
101	141	1405	1447
加
141	182	1405	1446
金
89	130	1517	1557
号
131	169	1620	1664
卡
80	120	1617	1662
卡
71	111	1721	1767
余
106	150	1825	1873
至
501	539	995	1033
止
165	203	1002	1041
号
173	208	716	757
间
230	269	1298	1342
费
186	224	1403	1448
额
158	202	1720	1766
卡
63	104	1822	1868
额
151	195	1824	1872
原
113	154	1720	1768
额
134	173	1514	1556
日
215	244	522	559
起
118	161	998	1039
