发
94	117	463	499
票
120	141	464	501
代
143	165	464	501
码
168	189	466	502
电
316	345	655	681
物
151	185	656	683
监
232	268	656	683
督
272	309	656	685
话
353	389	656	680
价
192	228	656	683
车
223	258	902	937
号
266	300	902	935
手
155	190	969	1004
号
267	302	971	1004
证
221	262	974	1003
期
267	303	1041	1074
写
156	190	1043	1075
日
232	253	1046	1073
车
271	305	1112	1149
上
225	263	1115	1146
无
155	193	1118	1147
车
272	307	1184	1222
下
227	262	1189	1220
效
156	194	1191	1222
单
227	265	1259	1299
价
272	311	1259	1295
程
273	312	1338	1371
里
228	265	1339	1371
等
228	266	1412	1453
候
273	313	1414	1448
金
226	269	1492	1530
额
275	312	1493	1527
号
129	167	1603	1645
卡
81	120	1604	1647
额
390	427	1671	1707
原
330	369	1672	1713
余
331	372	1729	1771
额
392	429	1729	1766
发
93	118	556	598
票
117	140	556	598
号
144	165	556	598
码
166	192	556	598
