代
225	271	272	314
发
123	170	274	316
码
276	323	273	313
票
177	219	273	317
发
121	170	382	424
号
228	269	383	428
码
277	323	385	426
票
176	220	383	427
手
267	304	619	656
效
453	490	620	652
无
392	427	623	653
代
208	250	742	778
码
254	296	742	777
车
211	248	794	835
A
348	378	800	829
号
256	293	795	834
日
218	241	854	885
期
255	293	849	888
车
256	293	903	945
上
208	249	905	941
车
256	293	958	1001
下
211	247	963	998
单
208	248	1013	1057
价
253	295	1015	1055
元
647	691	1028	1065
里
208	247	1075	1108
K
622	644	1086	1124
程
253	295	1074	1110
m
648	680	1095	1123
元
648	692	1206	1244
燃
208	255	1238	1281
油
256	292	1239	1284
元
646	689	1266	1306
附
298	340	1244	1291
加
341	381	1246	1287
元
649	693	1328	1367
吉
294	338	794	835
费
382	430	1246	1287
等
211	250	1122	1169
候
254	296	1126	1169
金
204	250	1182	1222
额
249	297	1182	1222
合
206	250	1291	1333
计
253	294	1291	1333
写
330	366	619	656
