机
64	102	532	567
打
67	104	573	610
发
69	105	614	650
票
68	105	656	692
手
74	106	718	753
写
72	107	760	793
无
70	106	799	833
效
69	104	838	875
单
156	184	193	222
位
194	222	193	222
电
156	182	266	295
话
195	222	266	293
车
195	222	339	366
号
228	258	338	366
京
320	349	337	367
证
201	230	410	437
号
233	263	409	437
日
148	175	500	529
间
184	212	571	602
时
148	176	572	600
单
149	178	648	676
价
183	212	648	676
里
150	178	723	751
程
186	215	722	751
候
186	215	797	826
等
152	179	796	825
状
145	175	873	901
态
183	212	873	903
金
140	170	950	980
额
180	211	951	983
费
268	296	1040	1072
加
232	264	1037	1070
油
168	197	1034	1067
附
200	231	1035	1068
燃
134	165	1035	1066
预
125	160	1119	1152
车
229	259	1123	1157
实
124	156	1192	1224
收
165	194	1193	1228
金
199	233	1195	1227
卡
120	150	1267	1299
卡
115	146	1343	1377
额
188	222	1346	1384
原
152	183	1346	1382
卡
108	140	1425	1460
余
144	178	1428	1463
期
183	212	500	528
约
163	193	1121	1154
叫
196	228	1123	1155
服
264	294	1124	1158
务
298	327	1125	1161
费
332	360	1126	1161
号
157	189	1268	1303
额
184	215	1431	1467
额
240	271	1198	1230
