发
72	94	408	440
代
130	153	410	440
发
77	99	493	525
码
163	186	494	525
督
112	146	627	659
电
151	178	628	656
监
75	110	629	659
话
182	217	629	656
效
646	683	695	734
无
603	638	698	733
车
369	403	700	742
专
412	448	700	740
手
513	550	700	737
出
281	311	701	742
用
458	491	701	738
租
324	360	703	741
写
560	594	698	735
电
152	180	813	844
话
183	219	815	842
司
116	142	814	846
公
75	113	816	845
车
85	121	882	924
号
134	172	883	923
A
283	314	887	917
川
241	273	882	918
号
133	171	966	1005
证
78	120	970	1002
期
132	171	1044	1083
日
87	110	1049	1082
车
133	171	1122	1165
上
80	121	1125	1161
车
132	170	1201	1244
下
79	117	1206	1242
价
133	175	1282	1320
单
78	120	1283	1325
程
134	175	1357	1387
里
80	118	1360	1388
等
80	118	1421	1462
候
131	170	1423	1459
金
76	119	1501	1541
额
130	168	1505	1542
卡
78	116	1580	1621
号
130	168	1583	1622
卡
81	118	1656	1695
原
133	168	1660	1697
额
184	219	1663	1701
余
134	168	1736	1775
票
95	121	408	440
票
100	126	493	525
写
551	602	695	737
码
158	185	409	438
号
132	158	492	524
额
177	217	1743	1783
元
652	693	1278	1316
k
631	652	1362	1397
m
658	695	1372	1399
