单
125	155	779	808
位
165	195	780	810
电
126	156	857	888
话
168	197	859	889
车
171	201	935	964
号
207	238	935	966
京
300	329	937	967
证
184	211	1012	1041
号
214	246	1013	1042
期
169	198	1107	1137
日
132	159	1108	1136
机
45	85	1136	1173
打
45	84	1180	1220
时
131	161	1180	1210
间
169	198	1179	1211
发
47	83	1224	1263
单
132	161	1260	1291
价
167	197	1260	1291
票
45	84	1269	1308
手
46	86	1337	1376
程
170	201	1339	1370
里
132	162	1340	1370
写
47	84	1382	1422
等
132	163	1421	1453
候
170	201	1422	1453
无
47	85	1427	1466
效
45	84	1471	1513
状
130	163	1505	1537
态
172	203	1503	1536
额
174	205	1587	1619
金
131	163	1588	1621
费
272	302	1672	1706
加
237	267	1674	1707
油
169	199	1675	1710
燃
133	165	1678	1711
附
202	233	1675	1707
车
238	269	1764	1794
叫
204	234	1764	1796
预
134	168	1766	1801
务
305	334	1758	1788
约
170	201	1766	1799
金
214	247	1842	1876
实
137	169	1845	1880
收
177	206	1843	1880
卡
137	162	1928	1961
额
215	247	2000	2038
卡
137	169	2011	2043
原
177	209	2002	2044
卡
139	172	2092	2125
额
218	249	2087	2119
余
179	211	2088	2123
码
163	203	2180	2221
密
32	73	2189	2234
费
338	370	1756	1790
服
272	301	1760	1795
号
173	210	1925	1961
额
253	287	1838	1875
