发
82	114	440	473
代
159	190	443	475
码
197	228	446	476
票
121	151	441	475
发
82	115	518	552
码
195	231	522	553
票
122	153	518	552
号
155	195	519	553
日
166	184	613	639
期
197	230	609	642
手
87	122	625	656
代
157	193	664	695
码
198	232	666	695
写
89	121	682	714
车
161	192	719	754
号
201	232	720	753
无
88	122	741	771
下
229	259	776	804
上
160	194	777	805
车
262	293	773	806
单
161	196	829	865
价
201	238	830	862
里
162	196	890	918
程
202	238	888	917
等
161	197	942	978
额
207	239	1002	1034
金
160	199	1002	1037
附
252	284	1062	1094
油
206	240	1063	1095
候
201	242	941	980
燃
161	205	1060	1102
加
291	332	1061	1096
卡
69	110	1126	1165
号
117	154	1125	1168
/
202	222	776	806
效
85	127	796	834
原
67	109	1190	1234
/
114	135	1191	1229
金
140	180	1187	1229
额
180	221	1185	1228
元
662	701	810	845
m
682	714	881	900
K
655	680	873	903
元
683	724	983	1019
元
693	736	1040	1075
