位
245	277	483	515
单
202	232	484	515
电
198	229	565	596
话
243	275	566	596
号
280	315	648	681
京
384	419	649	682
证
249	282	733	764
号
287	320	733	765
期
230	261	837	869
日
191	220	838	869
机
95	138	873	912
时
188	219	919	951
打
94	137	919	960
间
227	259	918	952
发
92	134	965	1006
单
184	217	1003	1038
价
223	255	1003	1038
票
92	134	1011	1053
手
92	133	1086	1127
里
182	214	1090	1123
程
223	258	1090	1124
写
91	132	1135	1176
等
182	215	1178	1212
候
222	256	1179	1212
无
91	132	1181	1221
效
90	133	1227	1271
状
181	215	1265	1298
态
223	256	1265	1299
金
180	214	1351	1385
额
224	258	1352	1386
燃
180	213	1443	1476
费
324	357	1445	1479
加
287	321	1444	1478
油
216	248	1443	1476
附
252	286	1443	1477
预
179	212	1533	1567
车
287	320	1534	1567
叫
252	284	1535	1567
服
323	356	1535	1568
约
216	249	1533	1568
实
179	212	1610	1643
金
257	295	1612	1645
号
215	251	1691	1724
卡
178	209	1769	1802
卡
177	210	1847	1881
余
218	251	1849	1882
车
240	276	643	684
务
360	392	1531	1572
费
397	433	1531	1572
收
218	256	1612	1650
额
302	338	1610	1651
卡
177	215	1687	1725
原
214	256	1767	1806
额
258	289	1771	1805
额
257	296	1848	1889
