代
296	327	500	530
号
297	324	561	591
码
331	360	562	590
车
379	408	835	868
号
418	448	836	869
手
321	353	855	885
号
418	448	886	918
工
379	409	890	910
写
322	351	905	936
无
322	353	957	985
上
379	410	982	1009
效
321	354	1005	1037
车
419	447	1031	1063
下
381	410	1033	1060
起
378	412	1078	1109
租
417	451	1082	1111
价
456	488	1082	1114
单
379	411	1126	1160
价
417	449	1129	1161
里
380	409	1179	1206
程
417	450	1181	1209
等
380	409	1224	1258
候
416	448	1229	1258
卡
296	319	1318	1343
号
325	346	1322	1347
原
460	482	1393	1416
额
491	513	1395	1419
金
459	482	1427	1450
额
491	512	1432	1454
码
331	366	501	529
税
376	412	786	817
号
418	441	787	822
日
381	409	933	966
期
417	454	930	966
车
418	448	981	1017
金
379	409	1272	1305
额
415	451	1275	1306
