机
71	108	531	567
打
72	108	572	609
发
74	109	614	652
票
73	110	656	694
手
74	111	722	760
写
74	110	766	803
无
74	112	808	844
效
74	112	849	888
单
148	176	181	210
位
186	215	181	210
电
148	176	256	286
话
188	216	257	286
车
191	220	333	360
号
224	254	332	362
京
314	344	332	361
证
200	228	407	435
号
232	262	407	436
日
152	177	500	528
期
186	214	500	528
时
153	181	570	599
间
188	215	568	599
价
187	215	646	676
单
155	183	647	676
里
155	184	724	753
程
191	220	722	752
候
192	221	801	831
等
156	184	802	832
状
156	186	879	909
态
193	222	877	908
额
196	225	956	986
金
156	185	957	988
费
285	313	1032	1064
加
252	282	1035	1064
油
190	218	1037	1069
燃
157	187	1040	1071
附
221	251	1036	1067
费
347	376	1108	1139
务
316	345	1109	1141
服
284	313	1112	1144
车
254	282	1115	1144
叫
223	250	1117	1147
预
156	187	1120	1152
约
191	220	1120	1149
额
267	296	1184	1212
金
229	260	1185	1214
收
196	223	1187	1215
实
158	187	1188	1217
号
192	221	1255	1284
卡
156	186	1257	1288
卡
156	184	1327	1356
额
228	256	1388	1416
原
192	222	1324	1354
额
227	256	1320	1352
卡
156	187	1388	1412
余
193	221	1390	1416
