发
116	162	431	473
代
216	261	430	472
码
267	312	431	471
票
168	211	430	473
发
115	162	501	543
码
266	312	499	542
号
218	259	500	545
票
167	210	501	544
机
225	262	734	766
打
267	302	734	766
发
307	344	734	766
手
415	449	734	768
效
540	575	735	764
写
458	489	736	767
无
498	533	736	764
票
350	384	735	767
单
105	144	853	893
码
238	278	857	890
代
193	233	854	891
位
149	189	856	889
电
107	138	918	953
话
147	188	920	951
鲁
236	276	979	1021
车
102	138	980	1021
号
147	184	981	1020
号
145	182	1046	1086
证
97	139	1049	1081
期
141	180	1111	1151
日
105	128	1115	1147
车
141	178	1177	1220
上
92	133	1179	1215
车
139	177	1246	1289
下
93	130	1249	1285
单
88	129	1313	1359
价
135	177	1315	1357
程
132	174	1388	1426
里
86	125	1389	1425
等
84	123	1455	1502
候
130	171	1459	1497
状
79	123	1531	1570
态
131	169	1528	1571
金
76	121	1601	1643
额
126	167	1604	1643
卡
75	118	1673	1719
号
125	165	1676	1720
码
154	213	1810	1863
密
94	144	1805	1864
