位
170	200	861	891
单
131	159	863	891
电
130	160	941	972
话
172	203	941	972
京
307	339	1018	1049
号
211	242	1020	1051
车
175	204	1021	1050
号
219	250	1099	1130
证
185	215	1099	1129
期
170	199	1199	1229
日
132	160	1200	1228
机
45	85	1232	1271
时
132	161	1274	1306
打
47	85	1276	1316
间
169	199	1273	1306
发
49	85	1321	1360
单
132	163	1356	1387
价
168	198	1356	1388
票
48	86	1366	1405
手
49	88	1434	1472
程
172	203	1436	1467
里
133	164	1436	1468
写
51	88	1479	1517
等
135	165	1517	1548
候
172	204	1518	1548
无
53	92	1523	1560
效
52	91	1565	1603
状
136	168	1598	1628
态
176	206	1598	1628
金
137	168	1677	1708
额
178	209	1677	1708
加
239	268	1760	1792
油
172	202	1761	1792
附
205	236	1761	1792
费
273	303	1761	1792
燃
139	169	1763	1792
服
272	303	1844	1875
预
138	171	1845	1877
车
240	269	1845	1875
叫
207	236	1845	1875
约
174	204	1846	1876
额
254	284	1916	1948
实
140	171	1919	1949
收
179	211	1918	1948
卡
139	168	1994	2024
卡
138	168	2071	2101
卡
138	169	2147	2179
额
214	244	2148	2178
余
176	208	2146	2179
密
37	76	2232	2273
码
159	198	2232	2271
额
207	242	2071	2101
额
207	242	2071	2101
费
338	370	1844	1877
务
306	337	1843	1876
金
216	250	1917	1952
号
174	212	1991	2026
原
174	208	2068	2104
