机
45	81	524	560
打
44	81	565	603
发
44	79	606	643
票
41	79	648	684
手
40	76	710	747
写
39	74	752	788
无
36	74	793	828
效
36	72	832	869
单
137	165	172	204
位
176	204	176	208
电
136	162	251	283
话
175	202	256	286
车
173	201	332	362
京
294	323	339	368
号
207	235	336	365
证
179	207	407	436
号
210	240	409	438
日
128	153	497	525
期
162	190	499	528
时
125	153	568	596
间
160	187	567	598
单
122	150	642	672
价
156	184	643	672
里
119	148	716	744
程
155	184	716	745
等
118	146	790	820
候
152	182	791	820
状
114	144	864	893
态
151	180	864	894
金
112	141	940	969
额
151	180	940	970
费
237	265	1020	1051
加
204	234	1020	1050
油
142	170	1019	1049
附
173	203	1020	1049
燃
110	140	1020	1050
车
203	231	1100	1129
叫
172	200	1100	1129
服
234	264	1100	1129
务
266	296	1100	1129
预
107	137	1099	1129
约
140	168	1099	1129
实
105	135	1168	1198
收
143	172	1168	1199
额
214	243	1169	1200
卡
102	131	1242	1272
号
138	168	1242	1272
卡
99	129	1313	1344
额
172	201	1314	1345
原
135	164	1314	1344
卡
96	127	1386	1418
额
169	197	1386	1418
余
132	164	1386	1418
金
178	209	1168	1201
费
298	328	1099	1130
