机
43	83	538	576
打
44	82	581	620
发
43	80	624	662
票
40	80	667	705
手
39	78	734	772
写
38	76	779	816
无
35	75	821	859
效
33	73	864	905
单
137	168	183	212
位
177	207	184	213
电
137	165	260	290
话
177	208	261	290
车
178	208	337	366
号
213	244	338	368
京
307	337	340	369
证
185	216	412	442
号
219	250	414	444
日
132	159	508	536
期
168	197	508	538
时
129	159	581	611
间
165	195	580	612
单
126	156	659	691
价
161	192	660	692
里
122	153	738	768
程
160	192	738	768
等
120	152	817	848
候
157	190	818	848
状
117	148	897	929
态
156	187	897	929
金
114	146	980	1012
额
156	187	980	1012
油
145	176	1065	1098
附
180	211	1065	1097
费
247	278	1065	1098
加
212	244	1065	1098
燃
112	143	1066	1098
服
244	276	1151	1184
务
277	309	1151	1184
费
312	343	1151	1183
车
211	241	1152	1184
预
108	140	1152	1186
叫
177	208	1152	1184
约
144	174	1152	1185
额
222	254	1228	1262
实
106	137	1228	1262
收
146	176	1228	1264
卡
101	132	1308	1343
号
140	172	1308	1342
卡
99	130	1388	1423
额
175	208	1388	1422
原
136	168	1388	1422
余
135	168	1468	1502
卡
96	128	1468	1501
额
174	205	1468	1502
金
184	216	1228	1263
