写
350	391	710	751
效
494	529	710	751
车
217	255	909	958
号
261	307	909	958
吉
315	365	909	958
A
367	405	909	958
日
218	246	974	1015
上
214	256	1033	1074
车
261	305	1031	1079
单
212	254	1156	1202
等
213	251	1276	1324
候
252	299	1279	1323
手
281	316	709	757
无
426	465	710	752
代
210	262	848	893
码
266	310	849	897
期
266	308	970	1018
下
210	255	1093	1135
车
265	303	1093	1147
价
259	309	1153	1203
里
208	255	1219	1261
程
262	304	1219	1263
燃
206	252	1394	1436
油
258	299	1393	1438
合
204	250	1445	1492
计
255	297	1449	1502
金
207	254	1333	1386
额
259	300	1339	1380
发
137	177	330	385
票
191	232	329	382
代
247	293	332	380
码
303	349	335	380
发
129	171	444	501
票
186	228	448	501
号
242	285	445	497
码
301	352	445	501
元
703	745	1178	1226
K
668	700	1243	1286
m
701	735	1243	1286
元
697	742	1367	1413
元
694	736	1432	1473
元
691	737	1497	1538
附
304	350	1402	1447
加
357	400	1407	1447
费
410	448	1410	1458
