机
55	96	568	607
打
56	95	614	656
发
53	92	660	700
票
50	92	707	746
手
54	89	777	819
写
48	87	825	866
无
47	88	872	911
效
45	86	917	960
位
187	216	186	219
单
148	174	183	212
话
192	220	268	300
电
150	180	263	296
车
196	226	352	380
号
232	262	352	385
京
324	352	362	393
证
208	235	432	464
日
151	180	535	566
期
189	220	536	568
时
147	177	616	647
价
180	211	700	732
单
142	174	700	732
里
138	169	780	814
程
179	210	781	814
等
137	168	867	900
状
135	167	953	986
态
176	207	952	986
金
134	167	1040	1074
额
176	208	1039	1072
费
276	306	1129	1165
加
239	271	1131	1164
燃
132	164	1133	1168
附
203	236	1130	1164
油
168	200	1131	1168
预
130	165	1224	1258
务
309	343	1220	1256
叫
203	234	1223	1262
实
136	166	1293	1320
收
176	210	1296	1323
卡
138	169	1358	1384
号
240	270	433	468
间
184	218	613	652
候
176	208	866	902
约
168	201	1224	1260
车
238	271	1222	1259
服
274	306	1222	1257
费
345	376	1220	1254
金
216	247	1296	1327
额
254	288	1299	1328
号
178	208	1358	1388
卡
142	174	1417	1446
原
180	211	1420	1447
额
218	251	1422	1452
卡
149	180	1472	1500
余
184	217	1478	1502
额
223	255	1480	1505
