机
68	108	554	591
打
68	107	597	635
发
69	104	640	675
票
68	104	681	720
手
64	102	748	785
写
64	100	792	828
无
63	100	834	870
效
63	100	875	912
单
150	177	190	219
位
187	216	191	221
电
153	180	266	296
话
192	218	269	298
车
197	224	345	375
号
230	259	348	376
京
320	349	348	377
证
208	236	423	452
号
240	269	424	453
日
156	183	521	550
期
192	220	521	551
时
153	182	595	624
间
189	218	594	624
单
150	179	673	704
价
184	213	673	703
里
146	176	752	781
程
185	214	752	781
等
146	176	829	859
候
183	212	830	859
状
144	175	908	937
态
183	212	907	938
额
183	213	985	1016
金
143	173	987	1016
费
273	301	1064	1096
加
239	268	1065	1096
附
208	236	1066	1096
油
175	204	1068	1098
燃
142	172	1068	1099
费
337	366	1147	1181
务
304	333	1148	1178
车
240	268	1148	1179
预
140	172	1150	1182
叫
208	236	1149	1179
约
175	204	1149	1181
收
180	208	1223	1254
实
141	171	1224	1255
金
215	246	1223	1254
卡
139	165	1300	1328
号
178	206	1299	1328
卡
138	168	1372	1399
卡
136	166	1440	1467
余
172	202	1438	1466
服
271	303	1148	1181
原
173	205	1370	1401
额
209	242	1368	1400
额
209	240	1436	1467
额
252	282	1222	1253
