机
60	99	552	588
打
61	98	594	632
发
62	98	636	674
票
61	99	679	715
手
64	100	740	773
写
66	101	779	810
无
68	105	815	847
效
69	105	850	884
单
143	172	196	225
位
182	212	196	226
电
143	172	273	304
话
184	213	274	304
车
186	216	351	380
号
220	252	352	382
京
316	345	354	384
证
195	225	425	456
号
228	259	428	457
日
145	172	521	550
期
180	209	522	551
时
144	173	594	623
间
180	209	592	624
单
144	172	672	701
价
177	207	672	701
里
144	174	744	770
程
180	209	744	771
等
147	175	811	838
候
181	210	812	838
状
148	176	880	906
态
183	212	880	908
金
147	176	948	978
额
186	213	950	979
油
178	205	1026	1055
附
208	236	1027	1057
费
270	296	1032	1060
加
238	266	1030	1059
燃
148	176	1025	1054
预
148	176	1098	1126
约
179	206	1100	1128
叫
208	235	1103	1130
车
239	265	1104	1130
实
148	176	1162	1192
额
251	279	1166	1196
号
178	208	1231	1260
卡
145	174	1296	1325
额
214	242	1297	1326
余
180	208	1361	1391
服
268	296	1104	1134
务
300	324	1106	1138
费
330	358	1108	1139
收
181	211	1162	1193
金
217	247	1165	1194
卡
146	174	1228	1259
原
179	208	1295	1324
卡
145	173	1360	1388
额
213	244	1361	1392
