位
186	216	806	836
单
149	177	808	835
电
148	177	885	914
话
189	219	884	913
京
319	351	959	989
号
226	256	961	991
车
191	221	962	990
证
201	230	1037	1066
号
233	264	1037	1067
日
150	177	1134	1163
期
186	215	1134	1163
机
64	104	1166	1203
间
185	215	1205	1238
打
66	105	1209	1247
时
150	178	1207	1238
发
66	105	1252	1291
单
149	180	1285	1316
价
185	214	1286	1316
票
67	106	1295	1333
手
69	107	1362	1399
程
187	218	1363	1394
里
151	181	1364	1394
写
70	107	1405	1441
等
153	183	1443	1472
候
188	220	1443	1471
无
71	110	1448	1483
效
71	110	1488	1527
状
153	185	1520	1549
态
192	222	1521	1550
金
154	186	1597	1628
额
194	224	1597	1627
附
221	251	1678	1708
加
253	282	1678	1708
费
286	315	1678	1708
服
286	315	1759	1789
预
155	188	1760	1791
车
255	283	1760	1788
叫
222	251	1760	1788
约
190	219	1760	1790
实
158	188	1831	1861
卡
156	186	1904	1934
卡
155	186	1978	2008
余
192	223	2051	2082
卡
156	187	2052	2083
燃
156	190	1676	1712
油
190	218	1674	1713
务
317	350	1757	1788
费
352	382	1756	1788
收
194	227	1830	1860
金
234	261	1830	1862
额
268	301	1827	1861
号
194	223	1902	1934
原
192	225	1973	2010
额
229	260	1977	2010
额
227	262	2051	2084
