位
216	245	436	468
单
177	206	437	467
电
176	205	512	542
话
215	245	513	542
车
217	245	588	616
号
249	282	588	617
京
342	372	590	619
证
223	253	660	689
号
255	287	662	691
日
172	198	749	777
期
207	236	750	779
机
87	125	777	813
打
86	125	818	855
时
169	199	818	847
间
205	233	818	849
发
86	123	859	896
单
167	196	894	922
价
201	230	894	924
票
84	123	899	935
手
82	121	962	998
里
163	194	967	996
程
201	231	968	997
写
82	119	1004	1040
等
162	193	1042	1072
候
199	230	1042	1072
无
80	119	1044	1080
效
79	119	1084	1123
金
159	191	1192	1222
额
200	232	1192	1223
燃
159	191	1273	1305
油
192	221	1273	1303
附
225	255	1273	1304
加
256	286	1274	1305
费
290	318	1275	1305
预
157	189	1353	1384
车
256	285	1353	1384
服
287	317	1354	1384
叫
224	253	1354	1384
约
191	221	1354	1384
务
319	350	1354	1389
实
158	188	1423	1452
卡
154	184	1567	1597
卡
153	183	1639	1671
余
189	221	1640	1671
状
159	196	1115	1150
态
199	232	1115	1153
收
196	229	1421	1455
金
233	264	1419	1462
额
267	300	1421	1460
费
353	384	1351	1393
卡
158	192	1497	1530
号
193	226	1494	1528
原
187	223	1562	1602
额
228	264	1564	1605
额
225	266	1635	1671
