代
187	233	473	513
码
240	287	474	511
票
134	177	474	516
发
77	124	476	515
发
76	125	535	575
号
188	231	533	575
码
241	288	534	571
票
133	178	534	576
投
84	135	608	655
话
256	308	602	652
诉
141	190	607	655
电
206	250	604	652
代
202	253	688	737
司
145	188	692	739
公
83	135	691	739
码
258	308	689	736
车
200	248	774	823
号
257	307	773	822
证
198	250	859	907
号
259	308	858	907
日
160	193	947	996
期
208	257	944	996
机
79	120	1018	1059
间
214	259	1032	1082
时
154	204	1032	1084
打
79	120	1073	1113
单
153	203	1122	1176
价
210	264	1120	1174
发
77	121	1126	1169
程
213	267	1211	1264
票
82	120	1181	1223
里
154	204	1213	1263
手
82	122	1236	1277
候
216	269	1309	1361
等
155	206	1310	1363
写
83	122	1293	1333
无
84	124	1347	1389
额
217	270	1399	1453
金
165	211	1406	1452
号
222	272	1491	1542
卡
160	211	1492	1543
额
284	336	1577	1628
卡
165	215	1580	1630
余
224	277	1578	1630
甘
416	465	752	807
效
85	129	1403	1450
