机
69	112	537	577
打
71	112	584	625
发
71	111	629	672
票
70	111	676	718
手
70	112	748	790
写
71	110	796	836
无
71	112	841	881
效
71	111	886	928
单
155	185	164	196
位
196	228	164	196
电
157	187	244	275
话
200	230	246	276
车
204	235	324	354
号
240	272	326	356
京
339	370	327	358
证
215	248	402	433
号
250	284	404	434
期
200	231	504	535
日
162	191	504	534
时
161	193	582	614
间
200	231	580	615
单
160	193	668	700
价
198	230	668	700
里
160	191	752	784
程
200	232	752	784
等
160	192	836	868
候
199	232	836	868
状
159	191	919	951
态
199	231	918	950
额
200	233	1000	1033
金
158	190	1002	1034
费
298	328	1084	1116
油
192	224	1087	1119
加
261	293	1085	1117
附
228	260	1086	1117
燃
158	190	1088	1119
车
260	292	1168	1196
预
156	189	1169	1200
叫
227	256	1168	1197
约
192	224	1169	1199
金
232	267	1236	1265
收
196	226	1237	1267
实
156	188	1238	1268
卡
152	183	1375	1403
额
225	260	1432	1461
卡
150	182	1440	1465
余
188	220	1436	1464
服
293	328	1166	1198
务
330	360	1164	1196
费
366	394	1164	1195
额
274	303	1233	1264
卡
154	186	1306	1336
原
190	221	1373	1403
额
228	259	1371	1400
号
191	223	1305	1336
