单
175	201	525	551
位
211	239	526	552
电
172	198	592	619
话
208	237	593	619
车
208	237	660	688
号
242	272	661	688
京
328	358	661	689
证
216	244	730	758
号
245	275	730	757
日
166	192	817	843
期
200	227	817	844
机
86	122	845	879
间
196	224	880	912
打
86	122	883	920
时
163	191	883	911
发
85	120	923	959
价
193	221	955	985
单
162	189	956	984
票
83	120	963	999
手
82	118	1024	1059
里
157	187	1028	1056
程
194	222	1028	1058
写
82	117	1065	1099
等
158	187	1101	1129
候
192	221	1101	1129
无
79	117	1104	1138
效
79	116	1142	1179
状
156	185	1172	1201
态
191	220	1173	1202
金
154	183	1242	1274
额
192	220	1246	1274
加
244	273	1320	1353
费
276	304	1323	1353
附
215	244	1319	1352
预
154	182	1398	1428
叫
215	242	1400	1428
车
245	273	1400	1428
服
275	304	1400	1428
务
305	334	1400	1429
约
184	212	1399	1428
费
337	367	1401	1431
实
155	183	1465	1494
收
190	218	1465	1493
卡
155	183	1531	1560
卡
155	183	1599	1628
卡
155	183	1666	1694
余
189	218	1667	1695
燃
149	184	1321	1353
油
182	215	1322	1353
金
220	250	1462	1497
额
257	290	1464	1496
号
188	216	1529	1560
原
188	218	1598	1631
额
224	250	1598	1631
额
223	254	1667	1698
