发
57	116	508	565
码
238	295	509	562
发
60	120	619	675
号
179	234	617	677
码
237	297	619	673
票
122	178	617	676
询
121	176	724	778
码
245	306	726	784
密
187	239	721	779
查
59	114	723	779
位
136	182	1135	1180
单
71	118	1135	1181
电
75	116	1218	1262
话
135	184	1217	1260
车
74	118	1298	1342
号
139	183	1299	1341
证
75	123	1378	1420
号
139	184	1378	1419
期
140	183	1455	1497
日
87	112	1460	1497
上
80	123	1537	1577
车
144	185	1534	1578
下
81	122	1616	1657
车
144	186	1614	1658
价
145	186	1695	1738
手
729	772	1717	1758
单
88	125	1694	1738
开
730	772	1767	1808
程
146	188	1777	1818
里
83	125	1777	1818
无
731	771	1818	1857
效
731	773	1865	1909
等
85	126	1854	1899
候
146	189	1855	1899
状
85	127	1935	1977
态
148	189	1934	1977
金
87	128	2014	2056
额
149	191	2013	2056
票
123	172	507	568
代
177	239	508	565
