发
65	99	684	720
代
152	186	681	718
码
192	227	682	718
票
109	142	682	720
发
66	99	769	805
码
190	227	768	803
票
108	141	768	805
电
181	203	850	885
发
64	89	851	887
话
207	241	853	883
票
93	118	850	887
查
123	146	850	887
手
215	274	995	1048
无
419	478	995	1048
写
319	373	996	1049
效
522	579	994	1048
车
193	234	1088	1131
号
242	283	1089	1132
证
191	234	1172	1207
号
241	281	1168	1211
期
239	281	1247	1289
日
198	224	1250	1285
车
237	277	1325	1371
上
186	231	1328	1368
车
234	275	1409	1456
下
186	227	1415	1455
单
180	225	1495	1544
价
231	278	1497	1542
里
178	222	1583	1622
程
229	275	1583	1624
候
228	271	1668	1710
等
177	221	1663	1715
金
173	220	1754	1800
额
226	269	1757	1800
卡
79	125	1826	1876
额
226	268	1910	1951
原
174	215	1909	1953
额
227	269	1994	2034
余
175	219	1990	2035
号
126	181	1826	1876
号
145	189	768	803
询
147	174	850	887
发
62	90	912	950
票
92	119	908	950
查
119	148	908	950
询
150	178	908	950
网
180	205	908	950
址
206	236	908	950
