位
213	241	738	765
单
176	202	739	766
电
175	201	809	837
话
213	240	808	836
京
333	362	878	907
号
246	275	879	908
车
214	241	880	908
号
252	280	950	978
证
221	249	950	979
日
174	198	1040	1067
期
206	233	1040	1068
机
93	129	1071	1105
时
171	198	1107	1136
间
204	232	1107	1136
打
93	129	1111	1145
发
94	128	1149	1186
价
202	229	1179	1210
单
169	197	1181	1209
票
92	127	1188	1224
程
203	230	1252	1281
里
167	196	1253	1282
手
91	126	1250	1285
写
91	125	1290	1326
候
201	230	1325	1354
等
167	195	1326	1354
无
90	126	1330	1364
效
89	126	1368	1406
状
166	194	1399	1427
态
201	230	1398	1427
金
164	193	1472	1502
额
203	231	1472	1501
附
225	253	1545	1579
燃
163	191	1549	1579
油
194	222	1549	1578
费
287	315	1549	1579
加
255	284	1549	1579
预
162	193	1626	1656
服
286	314	1626	1656
车
256	284	1627	1654
叫
225	252	1626	1656
约
194	222	1626	1656
实
162	191	1694	1723
卡
160	190	1834	1863
额
230	264	1900	1935
卡
159	188	1903	1934
余
195	224	1904	1934
务
315	348	1623	1661
费
351	379	1621	1659
收
197	226	1693	1725
金
229	270	1693	1727
额
263	299	1694	1728
卡
160	195	1759	1798
号
195	229	1765	1796
原
193	225	1831	1867
额
230	262	1828	1870
