发
18	69	704	754
代
132	184	706	757
码
190	242	711	758
票
77	125	705	756
发
22	73	862	912
号
138	185	865	916
码
193	244	868	914
票
80	129	864	914
督
81	134	1029	1081
电
144	185	1031	1078
话
196	247	1035	1077
监
23	76	1030	1076
发
341	390	1173	1224
机
228	279	1174	1223
手
500	549	1178	1226
打
285	335	1174	1223
无
613	661	1179	1224
效
664	719	1175	1232
写
558	612	1177	1224
单
109	157	1336	1387
位
165	214	1342	1382
电
110	151	1434	1479
话
166	217	1437	1478
车
110	154	1530	1579
号
165	211	1531	1579
日
119	145	1628	1666
期
163	211	1622	1670
车
165	209	1713	1764
上
106	154	1716	1758
车
167	211	1808	1859
下
110	155	1813	1856
单
109	157	1903	1954
价
164	216	1904	1951
里
111	157	2002	2043
程
166	216	2001	2044
状
109	158	2100	2144
态
169	214	2096	2143
候
163	213	2196	2240
等
109	156	2192	2245
票
396	450	1174	1228
晋
328	372	1525	1578
卷
703	740	1781	1825
筒
702	736	1830	1874
发
698	740	1880	1924
票
700	740	1930	1976
可
698	741	1986	2022
不
702	738	2035	2071
加
698	740	2080	2118
盖
699	740	2130	2172
企
701	743	2182	2222
业
700	742	2232	2271
