机
69	109	541	580
打
68	109	587	627
发
69	108	632	672
票
68	108	678	718
手
68	108	748	790
写
68	107	796	836
无
67	108	841	882
效
67	108	888	930
单
156	185	168	197
位
196	227	170	200
电
158	188	244	276
话
200	231	248	276
车
204	235	325	356
号
241	272	327	357
京
338	368	329	360
证
215	246	405	436
号
249	281	407	437
日
160	188	508	538
期
198	228	508	539
时
158	188	584	616
间
196	227	584	616
单
158	188	668	700
价
193	224	668	700
里
156	186	752	783
程
196	228	752	783
等
156	188	836	869
候
195	228	836	868
状
155	188	922	955
态
196	228	920	955
金
154	188	1008	1041
额
198	230	1007	1040
费
296	327	1093	1126
加
260	292	1094	1127
油
190	221	1096	1128
附
226	257	1095	1128
燃
155	188	1098	1129
费
366	396	1176	1208
务
330	361	1178	1208
车
260	292	1180	1208
服
295	327	1179	1209
叫
226	256	1180	1209
预
155	188	1181	1212
约
191	222	1181	1211
金
235	267	1248	1277
额
274	306	1248	1274
收
196	226	1248	1277
实
156	187	1249	1277
卡
155	184	1314	1336
号
192	225	1313	1338
额
231	262	1373	1401
卡
155	186	1374	1400
原
191	224	1374	1400
额
231	260	1436	1462
卡
154	186	1438	1464
余
192	224	1436	1463
