位
202	232	900	932
单
160	189	901	932
电
160	189	981	1013
话
203	233	982	1014
京
340	371	1063	1096
车
204	234	1064	1092
号
241	272	1063	1095
证
214	244	1143	1175
号
248	280	1143	1175
期
197	226	1244	1274
日
160	187	1244	1274
机
69	109	1276	1315
时
157	188	1320	1351
打
71	108	1321	1360
间
196	225	1319	1352
发
71	107	1363	1400
单
155	184	1398	1430
价
191	221	1398	1430
票
67	105	1405	1444
里
151	181	1479	1509
程
192	222	1479	1510
手
65	104	1474	1513
写
64	103	1520	1558
等
150	181	1560	1592
候
189	220	1562	1592
无
64	103	1564	1601
效
61	101	1606	1647
状
148	180	1643	1674
态
189	220	1642	1675
金
147	179	1725	1758
额
190	221	1725	1759
油
180	212	1813	1847
附
216	248	1813	1846
费
287	318	1815	1848
加
250	282	1815	1848
燃
145	177	1814	1845
叫
215	245	1902	1933
车
250	280	1902	1933
服
284	316	1902	1934
务
320	352	1902	1935
预
143	176	1899	1933
约
180	212	1900	1934
费
356	386	1904	1939
实
144	176	1976	2009
额
264	300	1975	2011
金
222	256	1972	2011
收
185	217	1976	2008
卡
140	173	2056	2096
卡
137	171	2215	2249
额
218	250	2214	2248
余
177	212	2215	2249
码
159	200	2304	2343
密
30	72	2301	2344
号
181	213	2056	2088
卡
139	173	2134	2169
原
177	213	2136	2173
额
216	252	2135	2173
