机
47	83	535	572
打
48	82	577	615
发
48	83	619	657
票
48	84	662	700
手
48	86	727	766
写
50	86	771	808
无
52	89	813	851
效
52	89	856	896
单
128	156	183	214
位
167	195	185	217
电
128	155	261	292
话
167	195	264	293
车
168	196	339	368
号
201	232	341	372
京
288	317	344	373
证
175	203	414	444
号
205	235	416	445
日
127	152	507	535
期
160	188	507	536
时
127	154	578	607
间
161	188	576	608
单
128	157	653	684
价
161	188	654	684
程
165	193	729	760
里
129	158	730	760
等
132	160	808	839
候
167	195	808	837
状
132	161	887	917
态
168	196	885	916
额
168	196	963	994
金
131	159	965	997
费
245	271	1036	1068
加
216	243	1040	1070
油
157	185	1044	1076
燃
126	156	1048	1078
附
188	215	1042	1072
务
272	300	1113	1145
叫
184	212	1120	1150
预
121	152	1126	1156
约
153	182	1124	1153
额
223	252	1186	1218
金
188	216	1187	1220
收
153	180	1189	1222
实
116	145	1192	1221
号
148	180	1264	1300
卡
113	143	1265	1297
额
185	215	1337	1374
原
148	180	1342	1375
卡
112	143	1343	1377
额
186	220	1420	1455
卡
112	143	1424	1458
余
148	180	1422	1456
车
213	240	1117	1148
费
304	332	1112	1145
服
241	269	1113	1146
