机
60	99	539	577
打
60	99	583	621
发
59	96	626	665
票
57	96	670	709
手
56	96	738	777
写
56	94	784	822
无
54	95	827	865
效
55	93	870	911
单
148	178	180	209
位
187	217	180	209
电
148	177	256	286
话
189	219	257	286
车
192	220	334	363
号
227	257	335	365
京
320	350	337	367
证
200	229	411	441
号
232	264	412	443
日
148	174	508	538
期
183	212	508	539
时
144	174	583	613
间
180	209	581	614
单
142	171	663	695
价
176	206	663	693
里
140	169	742	772
程
177	208	742	773
等
140	170	822	854
候
176	208	824	854
状
139	170	904	937
态
177	208	904	936
金
137	168	987	1020
额
178	209	988	1020
油
171	202	1075	1109
附
205	236	1075	1108
费
273	304	1075	1109
燃
137	168	1076	1109
加
239	270	1074	1109
预
136	168	1162	1200
服
273	305	1164	1197
费
343	375	1164	1198
车
240	270	1164	1197
叫
206	236	1165	1199
约
172	203	1164	1199
务
308	339	1164	1200
额
254	295	1239	1277
金
213	248	1242	1277
收
178	207	1243	1279
实
137	168	1244	1277
卡
136	166	1325	1362
号
174	206	1325	1360
卡
134	168	1404	1444
额
212	246	1400	1444
额
213	245	1491	1528
卡
134	168	1492	1530
余
173	208	1492	1528
原
172	207	1405	1445
