码
325	363	481	518
代
282	319	485	523
发
196	234	492	529
票
241	276	488	528
码
311	350	609	647
号
271	306	612	653
发
188	219	617	654
票
229	264	614	654
话
378	409	686	720
电
344	370	689	722
督
305	334	692	726
监
266	297	694	727
号
446	478	772	806
编
407	438	773	807
单
333	363	777	811
营
297	327	779	813
经
258	289	782	813
位
370	401	776	810
电
253	280	868	901
话
288	319	868	902
证
242	274	957	989
号
279	311	958	991
车
232	264	1044	1079
陕
345	376	1045	1079
号
270	302	1047	1079
期
261	292	1134	1167
日
228	250	1135	1166
上
212	244	1222	1254
车
251	283	1223	1258
下
206	236	1313	1345
车
240	274	1313	1348
机
101	131	1356	1391
打
98	130	1395	1429
单
194	225	1400	1436
价
232	265	1403	1440
发
95	125	1434	1467
里
184	215	1493	1527
程
222	254	1495	1530
票
90	122	1472	1506
手
83	113	1533	1566
写
79	110	1571	1606
等
174	206	1584	1621
候
212	245	1588	1624
无
70	103	1611	1644
效
65	98	1648	1684
金
158	193	1679	1715
额
199	235	1682	1721
