手
67	106	728	763
写
67	104	768	799
效
64	103	836	870
机
65	106	524	563
打
67	106	568	608
发
68	106	613	654
票
68	107	658	700
无
64	104	803	833
单
155	184	160	192
位
196	226	162	194
电
154	182	241	273
话
195	224	244	275
车
194	224	324	354
号
230	260	326	356
京
324	355	328	360
证
202	232	402	432
号
236	266	404	434
期
190	220	493	521
日
153	181	494	520
时
154	184	566	597
间
192	221	564	597
单
155	185	648	681
价
190	220	648	680
程
192	223	729	756
里
152	184	731	757
候
188	220	796	822
等
151	181	797	823
状
147	177	864	891
态
185	216	864	892
额
184	216	935	964
金
144	176	936	964
费
274	302	1012	1043
油
176	205	1015	1047
加
240	270	1013	1044
附
209	239	1014	1045
燃
144	174	1017	1048
服
272	301	1092	1124
车
240	269	1094	1124
叫
209	236	1096	1127
预
143	174	1100	1132
约
177	206	1098	1129
实
144	172	1168	1194
卡
142	171	1227	1252
卡
140	169	1288	1314
卡
140	168	1349	1376
余
174	204	1353	1380
额
210	239	1356	1384
务
304	334	1089	1124
费
333	365	1088	1121
收
177	209	1168	1197
金
216	248	1167	1200
额
252	283	1164	1197
号
177	208	1228	1259
原
175	208	1287	1320
额
212	242	1291	1323
