物
106	140	769	797
价
148	185	769	798
监
189	226	771	799
督
232	269	772	803
电
277	307	772	802
话
316	352	775	802
车
172	207	1036	1075
号
216	252	1039	1075
手
100	136	1107	1143
号
214	250	1113	1151
证
169	209	1116	1145
期
212	249	1190	1225
日
176	198	1193	1222
写
99	133	1187	1221
车
213	248	1264	1303
无
96	133	1266	1296
上
166	204	1267	1297
车
211	247	1340	1379
效
94	132	1343	1375
下
167	201	1344	1376
单
162	201	1416	1457
价
208	248	1417	1454
里
161	198	1500	1532
程
206	246	1499	1533
等
158	197	1576	1617
候
204	244	1579	1614
金
155	197	1659	1697
额
203	242	1662	1697
卡
6	46	1765	1807
号
55	93	1767	1807
额
310	348	1848	1885
原
251	290	1846	1887
额
309	348	1906	1942
余
250	292	1902	1944
发
52	76	557	598
票
77	101	557	598
代
103	128	557	598
码
129	153	557	598
发
48	71	655	698
票
74	98	658	700
号
99	125	658	700
码
125	153	662	700
