单
173	198	407	435
位
207	237	408	435
电
171	198	478	508
话
210	238	480	508
车
212	240	552	580
京
334	363	555	585
证
220	248	625	654
号
252	280	626	655
日
171	197	715	742
期
206	233	716	745
机
89	126	743	780
时
171	198	784	813
间
205	232	784	814
打
90	126	784	821
发
91	125	825	861
单
170	198	860	889
价
203	230	860	889
票
90	126	866	902
里
168	197	933	962
程
204	233	934	962
手
90	126	928	964
写
91	126	969	1005
等
169	198	1007	1036
候
204	233	1007	1036
无
90	126	1010	1043
效
88	127	1048	1085
状
169	198	1080	1109
态
205	233	1081	1110
金
168	198	1154	1184
额
207	235	1155	1184
油
198	227	1231	1260
燃
168	198	1232	1261
费
294	321	1233	1262
加
261	290	1232	1261
附
230	259	1232	1260
预
167	197	1308	1338
车
262	289	1309	1339
服
292	320	1309	1338
叫
231	258	1309	1337
约
200	227	1308	1338
费
352	384	1310	1344
实
167	196	1375	1404
卡
164	195	1515	1544
卡
163	193	1585	1615
余
198	228	1585	1616
号
247	274	552	585
收
202	231	1377	1407
金
237	270	1371	1410
额
274	301	1375	1407
卡
167	198	1446	1477
号
200	230	1441	1477
原
197	228	1514	1549
额
234	267	1515	1549
额
234	266	1582	1616
务
323	351	1309	1339
