发
79	125	435	472
代
180	226	438	475
码
233	276	440	475
票
132	174	437	474
发
78	126	499	538
码
233	278	504	539
号
183	225	502	540
票
132	175	501	539
手
393	428	728	760
效
518	556	728	756
写
437	467	729	758
打
242	277	730	761
发
283	321	730	760
无
478	512	730	756
机
199	237	731	763
票
327	361	730	761
码
218	258	851	884
单
83	122	850	887
代
172	212	851	886
位
127	168	852	884
电
86	119	912	945
话
128	168	914	944
车
84	121	972	1010
号
130	167	973	1009
鲁
221	261	972	1011
证
83	126	1037	1068
号
130	168	1035	1071
日
92	115	1102	1131
期
130	168	1097	1134
车
133	170	1160	1200
上
85	125	1162	1195
车
134	171	1225	1265
下
87	124	1228	1261
单
85	127	1289	1330
价
133	176	1290	1328
里
87	127	1360	1392
程
133	176	1358	1394
等
87	128	1421	1463
候
134	177	1425	1460
状
87	130	1492	1529
态
140	176	1489	1528
额
135	180	1559	1596
金
86	131	1557	1596
号
137	177	1626	1666
卡
88	130	1625	1668
密
108	160	1748	1807
码
169	230	1750	1805
