机
39	80	520	558
打
40	80	564	600
发
41	76	605	641
票
43	77	647	686
手
40	76	712	752
写
39	74	756	796
无
36	72	800	830
单
136	164	166	197
位
175	204	170	200
电
135	163	244	273
话
175	204	247	275
车
175	205	321	351
号
210	241	324	353
京
303	333	329	360
证
181	212	396	427
号
215	246	400	428
日
128	156	490	520
期
164	193	492	522
时
124	155	564	594
间
161	190	564	594
单
122	152	640	672
价
157	187	641	672
里
120	149	719	748
程
156	187	719	748
等
118	149	796	826
候
155	186	797	827
金
120	150	919	949
额
160	191	920	951
油
147	178	1003	1030
费
247	276	1007	1036
加
212	244	1005	1034
附
180	212	1004	1032
燃
114	146	1002	1029
预
106	140	1076	1109
叫
175	204	1082	1112
车
208	238	1083	1113
服
240	272	1084	1116
费
305	338	1088	1120
约
142	172	1079	1111
实
100	133	1151	1183
收
141	172	1152	1186
金
177	210	1154	1188
额
216	248	1156	1190
卡
94	126	1229	1263
号
132	164	1231	1264
卡
88	120	1309	1342
原
125	158	1310	1344
卡
83	115	1388	1423
额
160	199	1391	1426
余
120	154	1390	1424
状
122	157	839	872
态
161	194	844	876
额
163	197	1312	1347
务
274	305	1085	1120
