发
127	154	336	366
票
160	184	337	364
代
191	217	336	364
发
127	154	423	450
码
221	247	423	449
号
189	214	423	451
票
160	184	423	450
车
188	217	649	680
号
222	251	649	679
手
123	152	690	719
工
188	219	706	732
号
223	251	704	734
期
223	253	758	790
日
195	212	762	789
写
124	152	751	779
无
125	153	812	839
车
224	254	813	846
上
189	220	816	845
车
224	255	870	901
下
190	220	872	900
效
125	153	870	898
价
226	256	924	955
单
192	216	924	955
程
225	256	979	1010
里
194	221	980	1009
候
225	257	1034	1067
金
189	220	1091	1122
额
226	256	1092	1124
附
392	418	1138	1166
费
457	481	1136	1165
含
107	132	1141	1170
电
139	164	1141	1169
费
206	230	1141	1170
调
171	197	1142	1169
加
424	448	1137	1164
油
360	386	1138	1166
号
126	153	1184	1212
卡
98	121	1183	1212
额
312	339	1226	1255
原
266	294	1227	1256
码
222	248	338	364
等
186	224	1034	1067
余
266	304	1263	1295
额
310	346	1263	1293
燃
328	359	1135	1167
