代
163	225	577	632
发
26	90	580	633
码
232	293	579	631
票
98	156	579	635
发
25	89	673	727
号
166	223	671	729
码
232	294	672	725
票
97	156	671	729
手
440	485	997	1046
打
241	287	999	1045
发
295	344	999	1045
机
183	235	1000	1046
无
552	597	1000	1040
效
607	655	998	1040
写
497	539	999	1043
票
353	398	999	1045
单
32	83	1171	1227
代
149	201	1173	1222
码
208	260	1175	1221
位
90	143	1176	1221
电
38	81	1262	1308
话
92	144	1264	1306
鲁
212	263	1342	1397
车
37	83	1345	1399
号
94	143	1346	1398
证
34	89	1437	1479
号
96	143	1433	1484
期
95	144	1518	1569
日
48	77	1525	1565
车
99	146	1604	1657
上
37	89	1606	1652
车
100	147	1690	1743
下
41	88	1695	1740
价
99	151	1776	1826
单
40	91	1775	1830
里
42	91	1868	1911
程
100	152	1866	1912
等
43	93	1948	2002
候
100	153	1951	1997
状
42	96	2040	2085
态
107	152	2034	2085
额
104	152	2124	2170
金
43	97	2122	2171
卡
45	97	2207	2261
号
106	154	2208	2259
密
74	138	2360	2433
码
150	219	2360	2428
