发
107	137	591	623
代
171	201	591	622
码
201	232	592	621
票
139	170	593	622
发
109	139	664	696
票
139	170	666	696
服
109	140	739	770
无
403	436	880	913
手
327	362	881	914
机
142	176	884	917
打
178	212	885	917
发
216	249	884	917
效
438	472	878	912
写
365	396	882	912
票
252	286	882	917
号
171	214	957	999
车
126	168	959	999
单
126	169	1029	1070
位
172	214	1030	1070
电
130	168	1100	1139
话
173	215	1100	1141
期
173	214	1171	1213
日
135	160	1176	1212
间
176	212	1243	1284
时
127	169	1244	1285
价
172	215	1316	1359
单
126	169	1317	1359
元
635	679	1308	1349
程
173	216	1390	1431
里
126	169	1391	1430
m
644	682	1393	1418
等
126	169	1463	1507
候
173	216	1464	1505
额
174	217	1538	1580
金
126	169	1539	1580
元
641	684	1531	1574
号
173	216	1612	1655
卡
126	169	1611	1655
额
220	264	1686	1730
元
640	687	1681	1724
卡
126	169	1687	1732
原
173	216	1688	1730
额
220	263	1763	1806
卡
125	169	1764	1809
余
173	215	1763	1807
号
171	203	664	696
码
207	235	661	694
存
87	130	42	82
根
87	133	118	163
务
141	169	740	772
热
170	202	739	770
线
204	238	739	770
元
642	692	1757	1805
K
618	642	1384	1420
