单
132	160	606	638
位
172	202	608	639
电
133	162	688	720
话
175	203	690	720
车
178	207	770	800
京
307	339	771	802
号
213	244	771	801
证
190	217	849	878
号
221	251	849	879
期
174	202	945	974
日
138	164	949	972
机
51	90	975	1010
打
50	90	1016	1053
时
137	166	1016	1045
间
175	204	1015	1045
发
53	89	1058	1097
单
138	167	1094	1125
价
173	202	1094	1125
票
51	90	1103	1141
手
52	90	1170	1209
程
175	205	1173	1204
里
136	166	1174	1204
写
51	89	1216	1255
等
136	168	1255	1287
候
174	205	1256	1286
无
51	90	1261	1298
效
51	89	1304	1345
状
136	168	1338	1369
态
177	211	1335	1368
金
136	167	1420	1454
额
178	209	1420	1453
费
276	304	1506	1539
加
239	271	1507	1541
油
171	202	1508	1541
附
206	237	1507	1540
燃
137	168	1510	1542
服
274	304	1594	1626
叫
207	236	1595	1627
预
136	168	1597	1631
车
241	271	1595	1626
约
172	203	1596	1629
务
309	339	1593	1631
费
344	373	1591	1626
实
139	170	1675	1708
收
179	210	1673	1706
号
174	209	1753	1788
额
221	251	1912	1949
卡
143	175	1920	1954
余
182	215	1916	1952
码
166	207	2010	2050
密
36	77	2017	2062
金
211	249	1673	1708
额
251	288	1673	1708
卡
139	172	1755	1788
卡
140	174	1836	1872
原
177	214	1833	1871
额
216	251	1830	1868
