发
154	202	488	523
票
211	257	490	524
码
319	368	490	524
代
264	312	489	525
发
148	198	546	584
号
262	307	547	586
码
316	365	551	585
票
206	252	548	585
手
477	515	785	822
机
266	307	786	824
打
313	351	786	823
发
357	397	786	822
效
615	655	788	819
无
569	607	789	819
写
524	559	787	821
票
405	442	786	822
单
139	181	927	970
码
283	327	930	969
代
235	278	929	969
位
187	230	931	967
电
141	175	998	1035
话
185	229	1000	1034
车
135	174	1062	1098
鲁
281	324	1064	1100
号
184	224	1065	1099
证
128	172	1123	1153
号
179	220	1122	1158
期
174	216	1185	1225
日
134	159	1188	1220
上
120	165	1254	1290
车
173	213	1254	1297
车
170	211	1324	1368
下
120	161	1327	1364
单
114	158	1391	1434
价
165	211	1394	1433
里
109	151	1465	1499
程
159	205	1465	1501
候
154	200	1534	1570
等
103	148	1530	1574
状
96	143	1604	1642
态
152	194	1601	1643
金
89	139	1673	1716
额
144	190	1676	1716
卡
88	134	1748	1796
号
143	186	1751	1797
密
103	165	1890	1954
码
172	236	1890	1954
