发
137	184	442	483
代
240	286	442	484
码
292	338	444	484
票
191	233	442	485
发
134	181	513	555
码
291	336	516	555
号
240	283	514	558
票
188	232	513	557
机
246	285	765	800
打
290	326	766	800
效
569	604	767	799
写
485	516	768	801
票
374	409	766	802
单
125	164	890	932
代
215	255	894	930
码
260	300	897	931
位
170	210	895	928
电
127	159	958	994
话
168	208	960	993
车
121	158	1022	1064
鲁
258	297	1023	1064
号
167	204	1024	1063
证
116	158	1092	1124
号
165	201	1090	1129
期
160	199	1156	1196
日
123	146	1160	1191
车
158	195	1223	1266
上
110	150	1224	1260
下
110	146	1295	1331
车
155	192	1291	1335
单
104	144	1359	1404
价
149	192	1362	1403
里
101	140	1435	1469
程
147	192	1435	1473
等
98	138	1500	1545
候
144	186	1505	1543
状
94	136	1575	1614
态
145	183	1573	1616
金
89	135	1645	1686
号
138	177	1719	1762
卡
90	130	1714	1761
码
169	229	1854	1912
密
103	158	1846	1911
额
137	181	1645	1689
发
331	368	764	803
手
441	477	764	805
无
526	564	767	802
