单
166	191	418	444
话
202	228	480	507
电
165	192	483	509
京
318	344	540	567
号
235	262	543	569
车
203	229	546	571
证
212	239	608	634
日
167	192	690	716
期
199	225	691	717
机
90	125	714	746
打
91	125	750	783
时
165	192	753	779
间
198	225	752	780
发
93	124	787	820
单
165	192	820	846
价
196	223	820	846
票
90	124	825	857
手
89	125	882	914
里
164	192	886	912
程
197	225	886	912
写
89	124	919	952
等
164	191	954	980
候
198	225	955	981
无
88	124	957	988
效
88	124	992	1028
状
164	192	1023	1050
态
198	226	1022	1049
金
163	193	1091	1119
额
200	228	1091	1118
费
285	314	1162	1193
加
253	281	1164	1192
燃
163	192	1166	1193
车
255	282	1237	1265
服
284	313	1237	1265
预
162	192	1238	1268
叫
225	251	1238	1265
约
195	222	1238	1266
实
162	192	1303	1332
收
199	227	1303	1334
卡
161	190	1371	1400
号
192	224	1367	1400
卡
160	189	1441	1470
位
201	229	413	445
号
241	272	605	637
油
193	222	1164	1193
附
224	254	1163	1194
务
313	347	1235	1267
费
346	375	1236	1265
金
229	264	1304	1335
额
265	294	1300	1332
原
194	224	1439	1473
额
228	264	1440	1473
