码
239	276	226	261
代
195	232	224	262
号
196	231	299	340
码
240	276	302	337
车
300	337	642	684
号
350	386	644	685
手
224	267	666	704
工
300	339	711	738
写
225	264	729	770
日
307	330	771	803
无
223	265	796	833
上
297	345	823	865
效
221	265	860	902
车
348	385	889	932
下
300	338	893	930
价
395	437	952	993
租
346	389	955	993
起
295	339	952	993
单
296	338	1014	1059
价
345	388	1014	1056
程
345	387	1081	1120
里
294	335	1084	1120
等
293	334	1143	1190
候
343	389	1145	1185
号
214	245	1289	1325
卡
172	206	1291	1328
额
440	469	1352	1382
原
401	430	1353	1385
余
401	430	1400	1433
额
440	468	1400	1429
车
349	391	828	870
税
298	340	582	621
号
349	384	579	622
号
348	390	708	748
期
346	390	766	807
金
292	337	1213	1257
额
343	388	1210	1252
