机
57	96	544	583
打
57	95	590	630
发
58	94	635	674
票
58	95	680	721
手
60	96	750	788
写
60	96	795	832
无
65	102	836	872
效
66	104	877	912
单
147	174	173	202
位
188	217	176	204
电
146	176	250	281
话
189	219	252	281
车
192	221	331	360
号
228	260	332	362
京
325	356	334	364
证
201	231	411	441
号
235	267	412	442
日
146	174	511	541
期
184	214	511	541
间
183	213	587	620
时
144	175	588	619
单
144	174	672	704
价
180	211	672	703
里
144	174	754	784
程
183	213	754	786
候
184	216	834	863
等
146	177	833	862
状
150	181	909	937
态
190	220	909	938
金
152	183	985	1014
额
193	224	985	1014
燃
156	187	1064	1091
加
256	286	1064	1093
费
291	320	1064	1093
油
190	220	1064	1092
附
223	252	1064	1092
预
160	191	1138	1165
车
260	288	1140	1165
叫
227	255	1140	1165
服
292	322	1140	1167
费
359	389	1140	1168
务
325	356	1140	1168
约
194	223	1139	1166
金
239	268	1202	1228
收
202	228	1202	1228
实
164	192	1202	1227
卡
167	196	1264	1289
号
202	230	1264	1289
卡
170	199	1324	1347
原
204	236	1320	1348
额
240	272	1319	1347
卡
176	201	1374	1399
余
210	239	1372	1399
额
245	274	1372	1398
额
274	305	1201	1229
