发
115	161	604	648
码
271	313	604	647
代
217	263	603	648
督
264	300	830	866
电
311	341	830	864
监
220	257	830	864
单
298	332	912	949
营
261	294	915	949
经
220	256	917	946
位
336	372	916	947
电
224	254	997	1030
话
261	298	1000	1028
证
217	255	1083	1112
号
260	294	1078	1113
陕
343	378	1161	1196
车
217	251	1162	1199
号
258	292	1162	1197
期
255	290	1252	1288
日
220	242	1256	1285
车
260	293	1339	1378
上
215	252	1340	1376
车
257	292	1432	1473
下
215	248	1436	1471
机
676	711	1443	1477
打
677	709	1485	1518
单
212	249	1524	1566
发
678	712	1527	1560
价
256	291	1526	1561
票
679	711	1568	1602
里
213	248	1622	1656
程
256	296	1621	1656
手
679	711	1643	1676
写
680	709	1685	1718
等
213	250	1708	1749
候
256	294	1711	1745
无
681	712	1728	1757
效
680	713	1768	1799
金
215	255	1797	1832
额
260	296	1799	1832
票
168	212	600	650
发
114	163	725	774
票
168	212	727	775
号
218	263	728	776
码
268	317	727	773
话
349	387	832	863
编
373	410	912	950
号
411	447	913	952
