代
226	281	446	499
码
286	340	446	498
发
105	162	448	502
票
169	219	447	502
号
231	280	536	591
码
288	343	536	587
发
110	157	538	585
票
172	222	537	591
手
469	508	831	873
票
393	432	832	874
效
615	656	832	869
无
565	605	833	869
机
247	290	834	874
打
297	337	834	873
发
343	385	835	873
写
519	555	833	873
单
109	153	978	1025
码
262	309	984	1024
代
212	256	982	1024
位
161	205	983	1020
电
110	146	1053	1096
话
157	203	1058	1094
车
103	145	1127	1175
鲁
259	304	1127	1176
号
156	197	1130	1175
证
97	145	1208	1245
号
153	194	1205	1250
日
105	132	1286	1322
车
147	189	1358	1408
上
92	138	1360	1401
车
145	186	1435	1486
下
93	134	1441	1483
单
87	133	1514	1566
价
139	188	1517	1563
里
86	129	1600	1640
程
137	186	1599	1642
等
84	130	1674	1724
候
136	185	1678	1720
态
143	184	1752	1796
金
85	135	1825	1867
额
139	185	1829	1866
卡
90	135	1894	1935
号
144	187	1896	1934
期
145	192	1280	1327
状
85	133	1755	1797
