代
183	236	525	579
发
57	109	526	582
码
247	300	525	578
票
118	170	526	582
发
51	105	702	758
号
177	230	702	760
码
240	298	703	756
票
114	169	702	759
询
142	198	812	869
码
239	298	815	868
查
48	102	812	871
督
86	125	1034	1076
电
135	173	1033	1077
话
182	225	1033	1076
监
37	79	1034	1077
车
35	77	1104	1147
桂
174	217	1103	1149
号
85	125	1104	1148
期
82	122	1175	1219
日
40	69	1177	1216
金
718	769	1204	1243
上
31	74	1248	1289
车
79	122	1247	1291
车
80	122	1317	1363
下
30	73	1318	1360
计
718	771	1340	1380
超
718	770	1385	1423
单
30	74	1388	1434
价
79	122	1389	1434
程
79	122	1462	1504
里
31	73	1462	1503
等
31	74	1530	1575
候
79	123	1531	1574
位
717	770	1520	1559
无
718	767	1568	1602
效
717	770	1610	1651
额
80	123	1603	1644
金
31	73	1602	1645
卡
30	74	1671	1715
号
85	124	1672	1716
销
716	765	1721	1763
原
30	74	1743	1787
额
80	123	1744	1785
额
78	131	1815	1861
余
27	73	1814	1863
额
718	772	1247	1290
合
718	771	1292	1337
佰
719	770	1429	1471
元
718	771	1474	1516
报
717	767	1674	1718
凭
718	768	1765	1806
证
716	768	1810	1852
