机
51	88	515	551
打
49	87	556	594
发
48	84	598	636
票
46	83	640	678
手
43	80	706	744
写
42	78	750	788
无
39	77	792	829
效
37	76	835	874
单
139	168	169	199
位
177	206	170	200
电
139	166	244	274
话
178	206	246	274
车
179	207	320	349
号
212	242	322	350
京
302	331	323	352
证
186	214	394	423
号
217	247	396	424
日
135	160	486	513
期
169	196	486	515
时
132	160	556	585
间
166	194	556	586
单
128	156	633	664
价
161	190	634	664
里
124	153	711	740
程
160	189	710	740
等
122	152	788	819
候
157	188	788	818
状
118	148	867	897
态
156	185	866	897
金
116	146	946	977
额
156	186	947	978
费
244	272	1029	1061
油
146	176	1030	1063
附
179	208	1030	1062
燃
113	144	1032	1064
加
211	240	1031	1062
车
209	238	1113	1145
服
240	270	1113	1144
预
110	142	1116	1149
叫
177	205	1115	1146
约
145	174	1116	1148
实
105	140	1191	1224
收
148	176	1190	1222
卡
106	135	1268	1301
号
144	174	1268	1300
额
177	208	1340	1373
卡
102	134	1344	1377
卡
101	132	1420	1452
余
138	170	1418	1452
金
183	214	1188	1224
原
140	172	1344	1378
额
175	208	1416	1450
额
218	252	1185	1222
务
275	302	1112	1147
费
308	335	1113	1146
