机
64	105	526	564
打
65	105	569	608
发
66	105	612	652
票
65	105	656	697
手
66	108	726	767
写
68	108	772	812
无
68	110	817	856
效
69	111	861	902
单
147	176	168	197
位
188	219	168	197
电
148	179	242	272
话
190	221	243	272
车
194	224	317	346
号
230	263	318	348
京
328	359	319	348
证
204	236	392	422
号
239	272	392	423
期
191	221	491	522
日
154	182	492	522
时
153	184	567	598
间
192	222	566	598
单
153	184	648	680
价
190	221	648	679
程
192	225	728	760
里
154	186	729	760
候
195	228	811	843
等
153	188	812	849
状
157	191	893	924
态
196	231	892	924
额
202	234	972	1004
金
159	192	974	1005
费
299	330	1053	1084
加
264	296	1054	1085
附
230	262	1055	1084
油
196	228	1056	1087
燃
162	195	1057	1088
服
299	331	1135	1166
车
266	296	1136	1165
预
164	196	1137	1168
叫
232	263	1136	1166
约
199	230	1136	1168
收
206	236	1207	1239
实
167	197	1208	1239
卡
166	199	1281	1317
号
203	236	1280	1312
原
204	236	1352	1384
余
205	238	1427	1458
卡
168	200	1428	1458
务
334	363	1132	1165
费
368	396	1132	1163
金
243	276	1206	1240
额
280	311	1204	1238
额
240	274	1352	1386
卡
167	200	1355	1388
额
243	276	1427	1459
