根
55	95	160	199
单
161	190	785	816
位
200	230	786	817
电
160	190	864	895
话
202	231	865	896
车
203	233	943	973
号
239	269	944	974
京
333	363	944	975
号
246	276	1021	1051
日
159	187	1117	1142
期
196	225	1117	1144
机
71	110	1142	1177
打
71	109	1181	1223
时
156	186	1185	1215
间
194	223	1184	1216
发
70	107	1227	1266
单
154	183	1264	1295
价
189	219	1265	1296
票
68	107	1272	1310
手
66	105	1339	1378
里
150	181	1343	1374
程
190	220	1344	1374
写
65	103	1384	1423
等
150	180	1425	1456
候
187	219	1426	1456
无
62	103	1429	1466
效
63	101	1472	1512
状
147	178	1506	1538
态
186	218	1506	1539
金
145	177	1589	1623
额
187	218	1590	1622
费
281	315	1677	1710
油
178	209	1678	1711
加
246	279	1678	1710
附
212	244	1677	1710
燃
143	175	1678	1710
预
141	173	1765	1799
车
246	276	1765	1797
服
279	310	1765	1798
叫
211	241	1766	1798
约
177	208	1766	1799
务
314	345	1765	1798
实
140	172	1842	1875
收
181	211	1843	1876
金
220	251	1843	1876
额
259	296	1840	1875
号
172	210	1923	1956
卡
137	170	1921	1958
额
214	245	1999	2035
卡
136	167	2001	2034
原
175	210	1996	2034
卡
134	166	2080	2113
额
213	244	2081	2114
余
173	206	2080	2114
密
27	68	2166	2210
码
155	196	2168	2209
存
62	93	56	87
证
209	245	1021	1051
费
348	383	1764	1800
