机
57	96	543	580
打
58	96	586	625
发
57	95	630	669
票
55	95	673	713
手
56	94	741	781
写
56	92	786	825
无
55	94	831	870
效
54	93	873	916
单
144	173	181	212
位
184	213	183	212
电
144	173	259	289
话
185	214	261	290
车
188	216	338	368
号
221	252	340	369
京
315	344	340	370
证
197	226	415	444
号
229	259	416	445
期
181	210	511	541
日
145	172	512	540
间
180	208	583	615
时
143	172	584	615
单
141	171	664	696
价
176	205	664	695
里
139	168	743	773
程
177	207	742	773
等
139	170	823	854
候
176	207	823	853
状
137	168	904	935
态
176	207	902	933
额
178	208	983	1015
金
136	168	985	1017
费
271	300	1064	1097
加
236	266	1066	1100
附
204	234	1066	1099
油
170	200	1068	1102
燃
136	168	1071	1104
务
302	332	1148	1181
车
237	266	1152	1182
服
269	300	1150	1183
叫
204	232	1152	1184
预
136	167	1156	1191
约
170	200	1155	1187
额
250	280	1224	1257
实
136	166	1232	1266
卡
135	163	1310	1343
号
174	203	1307	1340
额
208	240	1381	1413
卡
134	165	1387	1419
卡
135	165	1464	1496
余
172	203	1460	1493
收
174	204	1230	1263
金
212	244	1228	1261
原
172	203	1383	1419
额
208	243	1457	1491
费
336	367	1148	1182
