发
116	159	520	561
代
209	252	515	559
码
256	297	520	557
票
165	204	520	561
发
117	156	649	688
号
212	249	649	692
票
164	204	649	690
督
256	288	732	766
监
216	248	732	766
话
336	370	731	766
编
378	410	820	854
单
298	330	820	855
号
419	452	820	854
经
216	248	821	853
营
256	289	821	856
位
337	371	820	855
证
216	251	997	1029
号
257	291	998	1032
车
216	249	1085	1120
陕
340	373	1085	1120
号
257	291	1087	1120
期
257	290	1174	1209
日
223	244	1177	1209
车
256	291	1264	1300
上
214	251	1265	1299
车
257	291	1356	1392
下
216	251	1358	1392
机
108	143	1412	1448
单
216	250	1449	1485
打
108	142	1452	1487
价
258	292	1449	1483
发
108	141	1492	1527
程
256	291	1542	1580
里
214	249	1544	1578
票
107	141	1532	1568
手
107	141	1593	1629
等
216	248	1636	1674
写
107	140	1634	1668
无
107	141	1674	1709
候
256	292	1636	1682
效
107	140	1712	1748
额
258	292	1730	1767
金
216	249	1731	1767
电
217	250	907	946
话
256	292	906	945
码
255	301	648	696
电
297	331	729	768
