单
193	218	447	472
位
228	255	447	471
电
190	215	510	535
话
227	253	511	534
京
341	368	571	597
车
225	251	574	599
号
256	284	574	600
号
260	287	637	662
证
230	257	638	663
日
179	204	717	741
期
211	238	717	741
机
99	134	743	775
间
207	234	775	804
时
174	201	778	804
打
98	134	780	812
发
95	130	816	849
单
170	196	846	873
价
202	228	846	872
票
92	129	853	885
手
90	125	910	943
里
164	192	913	939
程
200	227	913	940
写
88	122	949	982
等
163	194	981	1010
候
197	225	982	1010
无
84	121	986	1019
效
84	119	1023	1059
状
159	188	1053	1080
态
195	223	1053	1080
金
156	186	1125	1153
额
194	223	1125	1153
附
217	246	1200	1230
油
186	214	1201	1229
燃
155	184	1202	1230
费
279	306	1202	1231
加
247	275	1201	1230
预
154	182	1278	1307
车
247	274	1278	1306
服
277	305	1278	1307
务
308	336	1278	1310
费
340	367	1278	1308
叫
217	243	1278	1306
约
186	213	1278	1307
实
153	181	1345	1374
收
190	217	1345	1377
金
222	252	1345	1374
卡
153	181	1415	1444
号
186	216	1412	1446
卡
153	181	1484	1513
卡
153	182	1552	1581
余
187	217	1552	1581
额
258	290	1343	1380
原
186	218	1482	1519
额
223	252	1480	1517
额
221	253	1550	1585
