发
83	122	441	476
码
210	248	446	480
代
168	205	444	479
票
127	163	443	477
发
82	122	529	564
码
210	248	535	568
号
169	204	532	568
票
126	163	531	567
码
210	248	613	647
别
148	181	611	645
识
82	120	610	640
码
211	249	692	727
代
168	206	690	726
公
81	123	688	720
司
130	157	688	724
车
84	120	813	852
冀
192	228	817	854
号
127	163	815	853
起
81	123	940	977
止
127	166	945	976
等
83	121	1063	1103
时
173	208	1066	1103
候
126	166	1067	1100
间
218	248	1068	1102
里
172	208	1192	1223
运
82	123	1192	1224
程
214	254	1191	1225
营
129	165	1188	1227
额
126	165	1316	1352
计
215	253	1314	1352
合
170	212	1314	1352
金
79	123	1315	1353
手
702	740	1686	1722
写
705	740	1728	1765
无
705	742	1773	1806
效
705	744	1812	1851
时
172	208	940	984
间
215	249	944	980
大
80	122	1445	1485
写
127	164	1445	1486
开
80	119	1586	1624
票
124	162	1583	1624
日
174	204	1585	1620
期
215	252	1583	1620
