发
101	146	703	748
代
212	259	704	748
码
268	314	706	747
票
159	202	704	748
发
99	146	767	811
号
213	256	767	813
码
267	314	769	810
票
158	201	768	811
投
105	155	843	892
电
230	273	843	894
诉
163	213	844	893
话
280	333	843	895
码
280	331	933	982
代
224	274	930	982
公
102	154	931	980
司
166	208	933	982
车
220	267	1018	1069
号
278	328	1019	1069
证
216	267	1106	1153
号
277	327	1106	1156
期
223	273	1193	1244
日
173	206	1195	1243
机
88	130	1263	1304
间
226	272	1281	1333
时
163	215	1280	1333
打
86	128	1318	1360
单
158	210	1371	1426
发
84	125	1374	1416
价
220	273	1371	1425
票
82	123	1431	1473
里
155	207	1464	1517
程
216	271	1464	1519
手
80	121	1487	1530
等
152	204	1566	1623
候
215	268	1566	1622
写
78	119	1547	1589
无
73	115	1604	1648
效
70	115	1661	1707
金
146	203	1663	1720
额
211	266	1663	1722
号
210	263	1765	1823
卡
145	198	1764	1823
额
271	327	1865	1924
卡
143	196	1864	1923
余
207	262	1865	1923
甘
426	484	1006	1059
存
61	118	2071	2129
根
58	118	2228	2289
