手
314	367	127	170
效
489	543	128	174
无
432	482	129	171
写
375	423	127	172
发
32	81	978	1028
票
90	141	979	1028
代
31	80	1036	1087
码
89	140	1038	1087
代
158	210	1102	1154
码
214	265	1104	1152
期
213	263	1196	1246
日
168	200	1198	1244
车
158	208	1288	1340
号
213	264	1289	1339
上
158	210	1385	1433
车
216	266	1381	1435
车
215	266	1473	1526
下
157	209	1475	1526
价
215	266	1566	1618
单
158	209	1567	1619
程
213	264	1660	1711
计
164	210	1658	1712
计
155	208	1752	1806
时
213	263	1752	1806
金
140	204	1835	1901
额
211	263	1848	1901
金
152	204	1944	1998
号
210	261	1944	1998
存
149	203	2041	2099
额
208	260	2042	2097
发
43	91	445	491
票
95	151	445	491
号
39	91	499	548
码
95	146	499	548
