机
58	94	521	556
打
58	95	562	599
发
59	92	604	639
票
56	92	645	681
手
55	90	710	748
写
53	88	754	790
无
52	88	795	832
效
51	87	837	873
单
144	171	181	209
位
181	209	182	210
电
144	172	256	284
车
184	212	328	357
京
305	334	331	359
号
217	246	331	358
证
192	220	402	429
号
223	252	403	430
日
142	167	492	519
期
176	203	492	520
时
138	167	562	590
间
174	202	560	590
单
137	163	637	667
价
170	198	637	667
里
134	163	714	742
程
171	199	713	742
等
133	162	790	820
候
168	198	791	820
状
131	160	868	897
态
168	197	867	897
金
129	159	945	976
额
169	198	945	976
费
257	285	1024	1055
加
224	252	1026	1056
附
192	221	1027	1058
油
160	188	1028	1060
燃
128	157	1030	1060
务
288	316	1106	1136
车
224	252	1108	1139
服
255	284	1107	1139
叫
192	219	1110	1140
预
126	156	1112	1145
约
160	188	1112	1143
金
200	229	1183	1215
实
125	154	1188	1219
收
164	192	1185	1215
卡
124	150	1264	1294
号
160	189	1261	1292
卡
121	151	1340	1371
原
158	187	1334	1368
卡
120	151	1416	1448
余
157	188	1413	1445
话
180	212	255	284
费
319	348	1104	1137
额
192	224	1412	1444
额
193	224	1333	1367
额
236	267	1180	1215
