发
150	187	321	361
代
233	269	322	363
码
274	310	326	365
票
194	228	322	363
发
147	183	402	445
码
269	306	406	446
号
232	265	404	448
票
189	224	402	446
管
193	240	470	520
门
301	342	472	521
运
139	187	472	517
部
244	293	471	521
话
295	345	531	577
电
247	288	530	576
监
137	186	530	574
督
191	238	529	575
手
294	336	680	721
效
530	572	684	727
开
373	414	685	724
无
452	492	686	725
单
133	182	773	822
位
190	237	774	823
电
135	177	842	889
话
187	236	843	891
车
130	176	909	959
号
186	234	911	960
号
183	231	980	1028
证
124	175	981	1025
期
179	228	1048	1099
日
133	164	1051	1094
车
253	300	1119	1170
上
119	166	1120	1166
下
197	244	1121	1168
单
114	165	1188	1240
价
173	222	1189	1240
里
110	159	1263	1310
程
169	218	1263	1312
金
106	157	1333	1384
额
165	216	1334	1386
等
104	155	1405	1459
候
162	213	1406	1461
状
101	152	1479	1531
态
160	208	1480	1534
凭
93	150	1695	1754
证
152	208	1699	1752
/
170	196	1120	1168
