发
57	114	588	640
代
182	236	589	641
码
243	298	592	641
票
122	175	584	642
发
59	117	740	792
号
186	236	740	794
码
247	301	742	790
票
125	177	740	793
督
241	285	860	903
电
298	333	860	900
话
346	389	862	898
监
188	233	860	901
单
283	325	960	1005
位
328	372	964	1001
经
191	232	965	1001
营
239	278	962	1005
电
195	230	1065	1105
话
239	284	1067	1103
证
187	233	1173	1208
号
240	280	1168	1212
车
189	230	1273	1320
号
239	280	1273	1319
陕
341	382	1272	1313
期
237	285	1384	1431
日
195	220	1391	1427
车
244	284	1492	1540
上
189	235	1495	1537
下
189	231	1609	1651
机
730	771	1617	1657
车
242	293	1604	1652
打
731	769	1667	1707
单
189	232	1713	1763
发
732	772	1717	1757
价
240	285	1714	1759
票
735	773	1767	1808
里
190	231	1829	1867
程
240	286	1827	1867
手
736	774	1856	1898
写
739	773	1908	1946
等
189	233	1934	1984
候
241	285	1935	1978
无
739	777	1958	1993
效
740	779	2007	2044
额
244	288	2045	2086
金
191	237	2045	2093
编
376	415	964	1000
号
420	462	962	1004
