询
123	181	707	769
码
221	284	712	768
查
24	83	705	767
电
124	163	1067	1108
话
168	213	1064	1107
督
74	115	1066	1108
监
26	69	1067	1108
桂
163	207	1130	1173
号
75	118	1131	1171
车
28	70	1131	1173
期
75	117	1194	1236
日
36	63	1197	1235
间
77	116	1259	1300
时
29	71	1260	1301
价
76	118	1322	1363
单
27	71	1322	1364
程
76	118	1386	1424
里
30	71	1387	1425
等
30	71	1447	1488
候
76	118	1446	1487
额
77	118	1507	1544
金
31	71	1509	1545
卡
32	71	1566	1606
号
77	116	1567	1607
额
77	116	1629	1670
原
32	71	1627	1668
额
74	114	1693	1736
余
30	68	1689	1736
发
9	74	391	455
票
83	143	385	458
代
148	216	385	458
码
219	286	385	458
发
21	85	589	650
票
86	149	589	650
号
151	216	589	650
码
218	284	589	650
统
21	67	935	981
一
67	116	935	981
社
117	168	935	981
会
170	216	935	981
信
217	262	935	981
用
265	309	935	981
代
310	357	935	981
码
360	404	935	981
金
695	750	1105	1148
额
695	750	1149	1193
合
695	746	1196	1236
计
690	747	1236	1275
超
687	739	1280	1319
佰
687	739	1319	1362
元
687	739	1361	1403
位
680	734	1400	1444
无
680	734	1444	1485
效
678	734	1485	1529
报
677	730	1550	1594
销
677	730	1594	1640
凭
677	730	1639	1679
证
672	725	1680	1718
