发
97	128	687	715
代
171	201	690	718
票
139	164	688	716
码
206	236	693	721
发
98	128	754	783
码
207	236	760	788
号
170	198	757	787
票
136	164	755	784
电
199	218	823	852
话
222	243	829	852
询
172	194	822	851
网
198	216	874	901
址
221	244	876	899
手
231	273	944	987
写
317	362	948	992
车
214	246	1019	1056
号
255	286	1023	1059
证
212	248	1090	1119
号
254	287	1089	1126
期
256	290	1156	1190
日
220	240	1157	1187
车
255	289	1221	1258
上
212	249	1223	1255
车
256	290	1290	1328
下
214	248	1294	1327
单
213	250	1360	1399
价
256	294	1362	1399
里
215	249	1432	1463
程
257	295	1433	1466
等
219	250	1497	1539
候
257	294	1502	1536
额
259	294	1575	1610
金
215	250	1572	1610
卡
134	172	1633	1675
号
178	213	1634	1675
额
261	295	1703	1739
原
215	250	1702	1741
额
260	295	1778	1814
余
215	251	1775	1816
无
403	452	949	992
效
485	538	945	986
发
100	119	819	850
发
99	120	867	899
票
125	146	869	900
查
149	169	869	902
询
174	195	870	900
票
124	146	820	850
查
148	168	820	852
