发
90	127	646	696
票
138	173	648	699
代
182	220	648	699
码
229	269	661	701
发
90	128	769	821
票
139	186	770	822
单
95	136	1080	1123
位
144	187	1084	1119
车
96	134	1152	1194
号
146	186	1153	1192
证
94	134	1226	1259
日
105	128	1299	1330
期
145	186	1294	1334
车
148	187	1364	1406
上
96	137	1366	1401
车
149	187	1435	1477
下
98	136	1439	1474
单
96	138	1505	1549
价
147	191	1507	1553
里
96	137	1583	1617
程
146	191	1581	1619
等
95	138	1651	1696
候
145	192	1654	1692
状
94	139	1730	1767
态
151	191	1726	1768
额
147	189	1804	1843
金
91	139	1802	1845
费
237	269	1875	1923
电
143	175	1880	1920
含
86	133	1879	1922
调
185	231	1879	1926
码
236	276	776	816
号
146	186	1224	1264
号
188	223	767	829
