机
46	87	535	573
打
47	86	579	618
发
46	84	622	661
票
44	84	666	705
手
43	82	734	773
写
42	80	779	817
无
42	80	823	860
效
40	79	865	907
单
139	168	174	205
位
179	209	176	208
电
138	167	253	284
话
179	209	256	286
车
180	209	333	362
号
216	246	336	364
京
307	338	338	367
证
188	218	408	438
号
220	252	408	440
期
171	200	504	534
日
136	162	504	532
间
169	197	576	608
时
132	163	578	608
单
129	160	657	688
价
164	194	656	687
里
126	156	736	765
程
164	195	735	765
等
125	156	815	845
候
162	193	815	845
状
123	154	895	926
态
161	192	892	924
金
120	152	976	1008
额
161	193	973	1005
费
253	283	1054	1086
加
220	249	1056	1088
油
153	184	1058	1092
附
187	217	1056	1088
燃
120	151	1061	1093
车
219	248	1138	1171
服
251	282	1137	1170
叫
187	216	1140	1172
预
117	150	1147	1181
约
153	183	1142	1176
额
231	261	1209	1245
收
156	186	1217	1252
实
117	148	1223	1256
卡
115	146	1300	1332
号
154	184	1296	1329
额
189	220	1367	1403
卡
113	144	1378	1410
原
151	183	1373	1407
额
188	218	1446	1480
余
151	182	1450	1484
卡
112	144	1454	1489
金
195	226	1216	1250
务
284	315	1136	1170
费
319	347	1133	1168
