发
93	146	384	436
发
94	147	480	529
号
200	246	479	531
码
250	300	480	527
票
149	197	480	531
询
150	197	573	623
密
208	251	571	623
码
257	307	574	622
查
95	144	573	624
单
113	152	928	966
位
168	206	927	965
电
117	150	997	1034
话
167	207	995	1033
车
116	152	1064	1103
号
168	206	1064	1101
号
169	205	1133	1170
证
115	153	1135	1170
期
169	205	1202	1240
日
123	146	1204	1237
车
172	206	1270	1308
上
118	153	1272	1306
下
119	154	1338	1373
车
173	208	1337	1375
单
122	159	1402	1437
价
175	210	1402	1437
手
677	715	1430	1465
程
178	214	1465	1499
里
126	162	1466	1498
开
677	714	1472	1505
无
677	712	1512	1543
等
130	163	1525	1559
候
180	217	1525	1559
效
675	713	1549	1584
状
132	168	1586	1621
态
185	219	1585	1619
额
186	221	1648	1682
金
134	169	1650	1687
票
146	196	384	437
代
197	250	382	436
码
252	300	384	434
