督
164	193	934	984
电
199	228	934	982
话
230	263	935	980
服
64	94	938	982
电
70	105	996	1044
召
117	151	997	1043
线
212	253	995	1044
热
164	203	996	1045
车
165	213	1201	1255
号
224	274	1202	1255
日
173	203	1285	1325
期
221	272	1278	1329
上
150	215	1354	1400
车
213	272	1352	1415
车
221	271	1430	1486
下
161	210	1434	1481
单
156	210	1507	1566
价
219	275	1509	1563
里
154	207	1594	1640
程
217	273	1593	1642
等
154	206	1668	1729
候
214	271	1674	1724
电
283	329	1753	1807
召
346	389	1755	1807
费
411	456	1751	1813
约
216	266	1755	1808
预
158	206	1757	1808
金
145	207	1826	1881
额
213	278	1829	1888
卡
146	203	1889	1950
手
735	783	1905	1949
号
213	266	1892	1951
开
736	785	1962	2007
原
145	199	1961	2017
额
210	266	1961	2015
无
738	784	2019	2062
余
144	203	2024	2084
额
210	265	2029	2083
效
739	787	2073	2123
务
95	131	938	982
发
68	90	782	831
监
134	162	936	986
票
92	114	782	833
代
113	139	782	833
码
139	165	782	833
发
64	89	862	913
票
90	114	862	913
号
114	138	862	913
码
140	164	862	913
存
81	133	238	286
根
72	131	337	387
