机
84	124	566	605
打
84	124	612	652
发
86	124	656	697
票
86	125	700	743
手
89	128	772	814
写
92	129	818	860
无
94	134	864	907
效
95	134	909	952
单
168	199	177	211
位
209	240	179	211
电
170	200	263	296
话
212	242	263	295
车
219	248	346	378
京
346	377	346	377
号
254	284	346	378
证
225	256	427	457
号
259	291	427	458
期
208	237	527	559
日
172	199	528	560
时
170	200	605	637
间
207	236	604	635
价
206	235	685	718
单
172	201	688	720
程
211	241	767	800
里
174	204	770	803
候
214	244	851	883
等
176	208	854	886
状
178	209	936	968
态
216	246	932	964
额
220	250	1012	1047
金
180	211	1019	1052
费
314	341	1089	1124
加
281	310	1095	1128
燃
184	215	1106	1140
附
249	278	1096	1132
油
217	246	1101	1136
务
349	378	1170	1205
服
318	348	1174	1210
车
287	315	1180	1212
叫
254	284	1184	1217
预
188	220	1193	1231
费
382	409	1166	1201
约
223	252	1190	1224
实
190	222	1272	1304
卡
184	215	1334	1358
卡
179	208	1391	1420
余
211	243	1449	1476
卡
176	205	1455	1479
收
229	260	1266	1297
金
268	298	1260	1292
额
304	332	1254	1288
号
222	252	1327	1356
原
216	247	1387	1414
额
252	282	1383	1412
额
247	279	1444	1472
