发
159	192	559	590
代
242	275	564	596
码
282	316	570	599
票
200	233	562	593
发
152	187	632	664
号
235	268	638	670
票
195	228	635	666
发
149	173	704	736
询
234	259	709	741
票
179	202	706	738
查
206	230	707	739
发
146	170	758	791
网
259	282	767	796
址
286	319	769	795
询
230	255	763	795
票
175	199	760	792
查
203	226	760	793
写
395	448	849	899
手
293	350	845	892
无
492	547	861	907
效
592	647	863	910
车
268	307	927	967
号
316	356	931	971
证
263	305	1005	1038
号
314	352	1005	1045
日
269	294	1081	1113
期
309	351	1079	1119
车
305	345	1154	1196
上
254	298	1155	1190
车
301	341	1233	1277
下
253	293	1238	1274
单
246	289	1314	1359
价
299	342	1317	1360
里
243	284	1397	1432
程
294	337	1398	1436
等
241	283	1474	1521
候
291	331	1479	1518
金
235	279	1559	1602
额
287	327	1563	1604
卡
138	183	1627	1674
号
190	231	1630	1676
额
282	321	1712	1752
原
228	269	1708	1751
余
225	269	1791	1836
额
277	318	1795	1836
电
263	288	709	745
话
291	317	716	745
码
279	314	640	674
