发
60	119	562	615
代
186	242	564	617
码
249	305	567	618
发
59	117	714	768
号
188	240	718	772
码
249	305	721	771
督
242	288	840	885
电
301	336	841	883
监
188	235	840	880
单
283	325	943	989
位
329	373	947	986
经
189	232	946	982
营
238	279	945	987
编
377	406	946	982
电
192	229	1047	1089
话
238	283	1050	1087
证
184	231	1156	1192
号
237	278	1153	1198
车
184	225	1257	1303
号
236	276	1258	1304
陕
337	379	1258	1300
期
231	273	1369	1413
日
190	216	1374	1410
车
236	277	1476	1525
上
180	229	1478	1519
车
232	274	1587	1637
下
180	222	1592	1633
机
725	768	1605	1646
打
727	766	1656	1696
单
177	221	1696	1747
价
229	276	1698	1743
票
728	766	1756	1797
里
176	219	1813	1852
程
227	274	1811	1853
手
728	766	1845	1887
写
730	763	1898	1936
等
175	219	1917	1966
候
226	271	1921	1963
无
729	767	1948	1983
效
728	768	1996	2033
金
174	223	2026	2070
额
229	272	2029	2071
票
118	187	714	768
话
347	397	841	882
票
127	182	560	619
发
728	769	1705	1749
号
428	460	944	991
