代
179	220	449	487
码
227	268	441	487
号
181	218	546	585
信
84	125	645	682
码
225	266	645	682
息
157	193	643	682
效
593	631	849	885
发
352	388	850	886
机
267	304	851	886
打
311	345	851	886
手
466	502	852	885
无
552	586	853	884
写
510	543	852	885
票
396	431	852	886
单
117	155	983	1020
位
188	236	987	1026
电
123	160	1055	1095
话
189	236	1056	1093
车
120	161	1124	1170
号
191	233	1124	1168
蒙
285	327	1123	1168
证
116	164	1200	1236
号
190	232	1195	1239
日
128	153	1271	1307
期
188	232	1265	1309
车
190	231	1336	1384
上
124	162	1339	1376
车
189	231	1408	1457
下
116	160	1414	1454
单
115	160	1481	1530
价
186	235	1481	1527
里
114	159	1560	1597
程
185	232	1558	1600
等
113	159	1628	1677
候
183	231	1631	1672
状
112	160	1706	1747
态
188	228	1701	1748
额
184	229	1780	1820
金
109	160	1775	1824
发
82	125	547	587
发
84	124	450	489
票
132	172	447	489
票
132	174	546	588
码
224	270	546	586
