手
295	344	118	157
效
455	505	118	160
无
404	450	120	158
写
352	395	118	158
发
48	92	407	449
票
98	143	407	449
号
45	92	456	498
码
97	141	456	499
发
38	84	893	939
票
92	138	894	939
代
38	82	946	992
码
91	142	948	1001
代
153	201	1006	1053
码
204	251	1008	1052
期
203	249	1091	1137
日
164	192	1094	1135
车
153	199	1176	1223
号
204	250	1176	1222
上
154	201	1264	1307
车
207	252	1261	1310
车
206	251	1344	1392
下
153	201	1347	1392
价
205	251	1430	1476
程
203	251	1515	1561
计
154	201	1513	1561
时
204	249	1599	1647
额
202	249	1686	1734
号
200	248	1773	1822
金
148	196	1774	1823
额
199	247	1862	1913
存
145	195	1862	1914
金
137	184	1687	1734
单
155	203	1424	1479
计
154	206	1599	1648
