码
98	137	326	361
代
52	92	324	363
码
97	137	405	439
号
52	90	403	442
车
160	200	761	809
号
213	252	762	807
手
82	125	791	832
号
212	253	831	874
工
161	201	837	866
写
82	123	860	904
期
211	253	895	940
日
168	193	902	936
无
81	123	931	971
上
157	201	966	1005
效
77	125	1001	1046
车
213	252	1031	1076
下
161	200	1035	1075
价
264	308	1099	1144
起
154	203	1100	1143
租
209	256	1103	1144
单
156	199	1167	1215
价
208	252	1169	1214
程
206	252	1239	1280
里
153	196	1242	1278
候
203	252	1305	1353
等
142	197	1305	1354
卡
34	69	1449	1486
号
75	107	1451	1486
原
271	305	1529	1562
额
315	346	1530	1560
额
315	347	1580	1611
余
271	307	1577	1612
税
160	211	697	740
号
217	254	694	741
车
216	251	966	1010
金
158	196	1374	1420
额
210	254	1374	1419
