机
41	80	506	541
打
41	79	547	584
发
39	76	588	624
票
36	75	629	667
手
33	71	695	731
写
32	69	737	772
无
30	68	778	812
效
28	65	818	856
单
136	165	162	192
位
174	204	164	193
电
135	163	236	266
话
174	210	239	274
车
174	204	312	340
号
208	239	315	342
京
297	327	316	344
证
181	210	386	414
号
212	244	387	416
日
127	153	476	504
期
161	190	477	505
间
158	187	546	576
时
122	152	547	576
单
118	147	623	652
价
152	182	624	652
里
113	143	699	726
程
149	180	699	728
等
112	141	774	804
候
147	178	775	804
状
106	136	852	881
态
144	174	851	882
金
101	133	931	962
额
142	173	931	961
费
228	257	1014	1046
加
195	225	1015	1046
油
130	160	1014	1045
附
163	194	1014	1045
燃
97	128	1016	1048
车
192	220	1098	1130
预
93	125	1099	1131
服
224	253	1099	1130
叫
160	189	1099	1128
约
128	157	1099	1130
务
256	287	1099	1130
实
90	121	1172	1204
卡
85	114	1249	1282
号
123	153	1249	1282
额
155	187	1322	1360
卡
80	111	1328	1360
卡
77	109	1406	1439
额
152	182	1406	1438
余
113	146	1405	1439
费
291	319	1099	1132
收
128	160	1172	1205
金
164	197	1172	1205
额
201	232	1171	1205
原
119	149	1327	1361
