物
125	159	734	764
价
167	202	734	765
监
206	242	735	764
督
246	283	735	767
电
291	320	736	765
话
327	363	737	764
车
189	223	1002	1040
号
231	266	1003	1040
手
118	154	1073	1111
号
229	264	1078	1115
证
185	223	1080	1111
写
116	150	1152	1187
期
225	261	1153	1190
日
191	212	1157	1187
车
225	260	1228	1269
上
179	217	1231	1264
无
112	148	1232	1266
车
222	257	1307	1349
下
179	214	1311	1346
效
108	146	1312	1345
单
174	212	1387	1431
价
219	259	1388	1428
程
216	256	1473	1510
里
173	208	1474	1507
等
169	207	1553	1597
候
212	252	1557	1593
金
163	206	1639	1680
额
210	249	1642	1680
卡
25	61	1745	1789
号
69	106	1749	1790
额
314	353	1834	1873
原
258	295	1832	1874
额
313	353	1892	1931
余
256	297	1888	1931
发
73	95	518	564
票
96	123	518	564
代
123	148	518	564
码
148	172	518	564
发
68	94	621	667
票
95	118	621	667
号
120	142	621	667
码
142	168	621	667
