单
192	218	585	613
位
227	255	585	612
电
191	216	654	681
话
227	254	651	679
京
344	372	717	744
号
260	287	719	746
车
227	254	720	747
证
234	261	787	814
号
263	293	787	814
期
218	245	871	901
日
187	211	874	901
机
107	143	905	939
间
216	243	937	967
时
184	210	939	967
打
109	142	943	978
发
107	141	981	1016
单
181	208	1009	1038
价
213	240	1010	1037
票
106	141	1018	1054
手
103	138	1078	1112
程
213	240	1078	1107
里
175	205	1079	1107
写
103	136	1116	1151
候
210	238	1149	1177
等
177	204	1150	1178
无
101	136	1155	1190
效
100	135	1193	1229
状
174	203	1221	1249
态
208	237	1220	1248
金
172	201	1291	1321
额
209	237	1291	1320
附
230	259	1365	1396
油
200	228	1366	1397
加
260	289	1366	1396
费
292	319	1366	1395
燃
170	198	1368	1397
车
260	287	1442	1471
服
289	317	1442	1471
预
168	197	1443	1473
叫
229	256	1443	1470
约
199	227	1443	1472
实
167	194	1509	1539
卡
162	191	1650	1681
余
194	225	1720	1751
卡
160	189	1721	1751
务
323	347	1442	1472
费
352	381	1440	1472
收
199	232	1509	1539
金
237	265	1509	1541
额
270	303	1507	1542
卡
166	193	1576	1611
号
198	225	1579	1613
原
196	224	1650	1686
额
231	261	1647	1681
额
228	260	1718	1753
