发
124	156	594	640
码
257	289	596	640
代
213	245	594	639
票
170	199	593	641
发
122	154	705	753
号
210	241	706	756
票
166	198	706	754
单
115	153	997	1036
位
164	203	1000	1033
车
112	148	1063	1102
号
161	198	1064	1103
号
158	195	1131	1171
证
107	149	1134	1167
期
153	193	1200	1239
日
112	137	1203	1236
车
153	190	1268	1312
上
99	141	1271	1308
车
150	187	1341	1386
下
99	137	1345	1383
单
93	135	1413	1459
价
147	189	1415	1458
里
92	131	1494	1531
程
142	185	1493	1532
等
89	129	1565	1613
候
140	181	1568	1608
状
85	128	1645	1684
态
141	178	1642	1686
金
83	127	1718	1761
含
82	121	1795	1838
电
133	165	1795	1837
费
226	257	1793	1841
卡
81	123	1869	1915
号
136	174	1871	1917
额
133	172	1951	1992
原
78	118	1949	1993
余
77	119	2026	2072
额
128	181	1718	1761
调
166	225	1793	1841
码
256	290	708	758
额
130	175	2030	2075
