代
172	212	444	482
码
219	259	444	480
发
81	123	448	485
票
129	167	446	485
发
84	125	565	604
号
176	214	562	602
码
220	262	562	599
票
131	169	564	603
督
131	174	693	735
话
224	266	695	729
监
84	128	695	734
效
616	659	795	836
无
570	610	800	836
发
344	386	803	844
机
252	294	806	848
打
299	340	805	846
写
524	562	800	840
单
155	196	940	983
位
201	244	942	978
电
155	190	1019	1056
话
202	245	1020	1054
车
153	192	1098	1141
号
200	240	1098	1140
晋
332	376	1092	1135
日
156	184	1180	1216
期
198	239	1176	1218
车
197	237	1255	1300
上
152	190	1258	1296
卷
666	707	1304	1344
车
200	240	1339	1386
筒
669	704	1350	1391
发
670	712	1397	1436
价
199	244	1424	1468
票
673	712	1443	1482
可
675	714	1492	1527
里
156	197	1513	1550
程
203	247	1512	1552
不
676	712	1536	1569
加
676	715	1578	1610
态
209	248	1596	1638
盖
677	716	1619	1658
状
159	197	1600	1638
企
679	718	1665	1702
等
157	199	1680	1728
候
205	250	1683	1724
业
680	719	1711	1746
额
208	249	1770	1812
戳
684	722	1754	1792
单
144	198	1424	1468
电
182	219	693	733
票
390	436	800	847
手
476	521	798	841
下
147	193	1337	1391
金
156	204	1768	1812
记
683	724	1801	1834
