发
84	128	541	583
代
183	225	542	584
码
232	274	543	583
票
135	176	541	584
发
85	129	671	713
号
184	224	671	716
票
136	177	672	714
电
189	225	812	854
监
85	132	812	853
督
135	180	811	856
话
232	276	816	852
效
640	684	932	976
发
356	398	935	978
无
591	633	936	976
手
493	536	937	979
机
260	304	936	978
打
308	352	936	978
写
544	583	937	978
单
156	198	1072	1119
位
204	247	1076	1114
话
204	248	1160	1197
车
154	194	1240	1287
号
202	243	1242	1287
晋
338	383	1241	1285
日
160	185	1328	1363
期
200	241	1323	1366
车
198	238	1404	1449
上
148	192	1406	1444
卷
669	708	1470	1511
车
200	240	1488	1535
下
151	191	1492	1532
筒
671	704	1516	1557
发
668	709	1564	1603
单
145	189	1572	1620
价
196	240	1575	1620
票
670	708	1610	1649
可
671	709	1660	1695
程
196	240	1662	1703
里
148	189	1662	1700
不
672	706	1704	1739
加
668	708	1748	1782
状
144	188	1750	1791
态
198	236	1747	1792
盖
668	707	1792	1832
候
192	235	1836	1876
等
143	186	1832	1880
企
671	708	1840	1876
业
669	707	1886	1920
额
192	234	1924	1964
金
142	186	1919	1960
戳
668	709	1929	1971
记
666	709	1976	2012
码
232	278	673	716
票
404	451	936	982
电
154	191	1157	1200
