开
1500	1525	184	207
票
1532	1554	184	208
期
1590	1617	186	211
名
364	386	267	288
密
1232	1254	259	283
称
502	523	262	284
购
311	333	288	310
税
389	413	306	328
人
414	441	307	325
纳
362	384	307	328
别
471	494	304	328
号
500	520	304	327
识
444	467	306	326
码
1228	1255	320	343
电
458	477	345	367
买
308	328	331	352
址
398	422	346	367
地
357	381	347	368
话
497	520	346	366
方
304	327	375	397
区
1232	1252	381	401
账
465	488	387	409
及
436	461	387	408
开
355	377	389	410
行
407	434	386	411
户
380	400	387	410
号
492	515	386	408
务
567	590	429	453
务
493	515	430	455
名
592	616	430	452
劳
464	487	431	455
单
1226	1251	429	457
服
535	561	431	453
单
931	955	430	458
物
350	375	433	455
税
1623	1651	431	455
税
1774	1802	431	454
数
1056	1083	430	454
货
325	347	433	455
格
775	802	432	457
税
435	460	433	455
规
744	771	434	456
型
808	830	433	456
额
1508	1533	430	455
率
1657	1684	429	456
价
1276	1303	430	456
额
1854	1876	433	457
号
839	863	433	458
量
1105	1131	431	454
应
405	430	432	455
称
623	648	430	453
位
959	984	432	455
金
1425	1454	429	453
或
379	402	432	456
计
533	558	754	781
合
367	395	753	778
大
496	520	810	835
税
365	392	810	834
计
436	461	810	837
价
332	360	810	835
合
399	427	809	834
写
533	557	812	836
小
1513	1538	820	844
写
1545	1566	821	846
称
450	477	873	899
销
245	272	885	911
名
295	324	873	901
备
1232	1261	900	927
纳
299	322	913	939
别
415	441	914	941
号
447	472	914	941
识
386	411	915	939
售
242	264	934	960
地
293	319	954	979
址
338	363	955	979
电
402	421	955	980
话
443	469	957	981
方
237	263	985	1012
开
291	316	997	1022
账
408	435	997	1024
及
378	405	997	1022
户
320	341	995	1022
注
1235	1260	988	1015
行
348	377	996	1024
号
441	465	997	1025
收
239	264	1049	1074
人
307	335	1052	1075
款
272	299	1049	1076
复
728	753	1055	1084
开
1117	1144	1062	1089
人
1189	1220	1064	1086
核
764	793	1055	1084
销
1544	1572	1070	1098
票
1153	1180	1060	1089
售
1582	1614	1070	1100
方
1623	1648	1068	1103
税
328	353	913	940
人
357	383	915	939
日
1563	1583	186	210
购
1968	1987	651	675
买
1970	1990	682	705
方
1972	1994	711	736
