开
1425	1449	224	245
期
1518	1543	222	245
票
1457	1480	222	246
名
290	313	288	310
称
436	459	287	310
密
1169	1190	296	319
购
238	259	308	332
人
347	374	332	351
别
406	428	330	354
税
319	345	331	353
号
436	459	331	355
识
376	401	332	352
纳
291	313	331	353
买
237	256	354	376
码
1166	1191	356	378
电
394	413	373	395
地
286	313	374	396
址
332	357	373	395
话
434	459	375	395
方
235	257	399	423
账
407	430	416	439
及
376	400	417	439
开
288	312	418	439
区
1170	1189	414	435
户
318	337	416	440
行
346	372	416	441
号
434	457	416	440
务
437	459	461	485
务
516	538	461	485
税
1684	1710	459	482
税
1544	1569	460	483
名
541	565	462	484
物
288	313	463	485
单
1166	1189	461	487
货
261	284	463	485
格
722	748	462	486
单
879	902	462	488
税
377	402	462	485
数
1001	1026	462	485
额
1765	1789	459	481
型
754	776	463	485
额
1433	1456	461	483
率
1575	1599	458	484
规
691	717	464	486
劳
406	429	461	486
号
786	809	463	487
价
1213	1238	462	486
应
346	371	462	485
量
1048	1072	463	486
称
572	597	462	485
位
906	931	464	486
金
1352	1379	460	483
或
319	342	462	486
计
491	515	781	807
合
323	349	782	807
大
459	482	840	864
小
1433	1456	834	857
税
329	355	841	866
计
397	422	840	866
写
1466	1486	835	858
价
295	321	841	867
合
361	389	840	865
写
494	516	841	864
名
268	291	902	925
称
418	443	900	924
备
1173	1198	912	937
销
211	237	916	941
纳
267	290	941	965
人
324	352	943	963
别
386	410	940	965
税
297	322	941	965
号
418	442	940	965
识
356	381	942	964
电
374	394	980	1003
址
310	336	980	1003
售
209	231	964	988
话
416	442	981	1003
地
264	291	981	1004
注
1175	1198	994	1018
方
206	233	1012	1037
账
381	406	1019	1042
及
349	375	1020	1042
开
262	288	1021	1043
户
290	314	1019	1044
行
320	348	1019	1044
号
414	438	1019	1043
人
1135	1163	1063	1083
复
693	717	1064	1088
收
203	230	1071	1095
人
275	303	1073	1093
核
729	756	1063	1088
票
1101	1125	1061	1087
款
239	266	1070	1095
开
1068	1091	1063	1086
服
482	510	462	487
销
1471	1496	1059	1088
售
1507	1532	1057	1088
方
1542	1569	1057	1086
日
1488	1509	221	247
购
1872	1892	666	689
买
1873	1893	695	717
方
1873	1896	724	747
