开
1469	1494	213	235
票
1502	1526	212	236
期
1564	1590	214	238
名
299	322	255	278
称
447	473	256	279
密
1205	1227	280	304
纳
299	321	298	321
税
326	352	297	321
别
415	439	298	323
号
446	470	299	324
买
240	263	323	346
地
294	320	341	364
址
338	364	341	363
电
402	422	342	365
话
443	470	345	366
码
1201	1227	342	365
方
239	263	369	394
开
292	317	386	409
及
381	408	386	409
账
411	438	386	410
行
350	378	385	410
户
321	342	384	409
号
442	467	387	412
区
1204	1224	402	423
物
291	317	434	457
货
264	288	433	457
务
444	468	435	460
税
381	408	434	458
务
525	549	436	461
名
550	576	438	460
劳
412	437	434	459
格
738	766	440	465
应
351	376	433	458
型
772	795	442	465
单
901	926	444	471
规
705	733	442	464
或
322	347	433	458
号
805	829	443	467
称
583	608	438	462
单
1198	1223	451	478
位
929	955	446	469
税
1590	1618	458	481
量
1077	1103	450	473
价
1246	1274	453	477
税
1737	1765	460	483
额
1473	1499	456	480
率
1622	1649	457	483
额
1819	1844	461	484
金
1393	1421	454	478
数
1028	1054	448	476
计
490	516	767	795
合
317	346	765	791
价
286	315	824	851
税
322	350	825	850
大
457	482	826	851
计
394	420	825	853
合
357	386	824	850
写
495	518	828	852
小
1471	1495	839	863
写
1502	1524	840	864
名
256	282	889	913
称
414	441	890	915
销
198	226	900	927
备
1197	1225	918	944
纳
257	281	929	955
税
287	314	930	955
人
316	346	932	953
别
379	406	930	957
号
413	438	931	957
识
349	375	931	954
售
196	219	950	975
址
300	327	971	994
电
367	388	971	996
地
252	281	970	995
话
410	438	973	996
方
196	221	1000	1027
账
378	406	1012	1037
开
252	279	1012	1036
及
345	374	1012	1036
行
313	342	1011	1039
注
1199	1222	1002	1027
户
284	305	1010	1037
号
410	435	1012	1039
人
272	303	1066	1085
复
702	727	1067	1092
人
1154	1184	1074	1093
款
236	264	1064	1086
销
1499	1527	1079	1103
核
738	767	1067	1092
票
1120	1145	1071	1095
售
1538	1562	1079	1103
服
490	516	434	463
收
201	227	1061	1085
方
1577	1602	1079	1104
日
1536	1555	212	236
开
1085	1108	1070	1095
人
357	378	297	320
识
384	410	296	319
购
1933	1955	674	699
买
1932	1953	706	729
方
1932	1956	734	759
