开
1434	1460	221	245
票
1470	1495	219	246
期
1537	1565	221	248
名
155	182	300	325
密
1140	1164	304	330
称
320	347	301	326
购
97	120	326	352
人
222	252	351	372
税
191	220	349	374
别
288	312	349	376
号
320	345	349	375
识
256	283	350	373
纳
160	184	349	374
码
1136	1164	373	398
买
98	122	375	400
址
208	236	397	421
电
276	298	397	421
地
158	188	397	421
话
320	348	399	422
方
100	125	423	450
区
1140	1161	441	464
及
257	284	446	470
开
160	187	447	472
行
224	253	445	472
户
193	214	445	471
号
320	347	446	472
账
289	316	446	471
务
424	448	497	523
名
454	480	497	521
务
322	344	497	524
格
635	664	497	523
单
811	838	496	527
税
1565	1594	496	522
物
144	170	499	523
规
600	629	499	522
单
1133	1160	497	527
型
670	696	497	523
税
1722	1751	496	523
额
1435	1464	497	523
额
1813	1841	497	523
率
1600	1629	495	525
号
706	732	498	525
货
110	135	499	523
价
1186	1215	498	525
劳
285	309	497	524
服
387	414	499	523
量
1003	1030	500	525
称
491	518	497	523
数
950	977	499	524
位
842	870	499	524
金
1346	1377	496	523
或
180	207	498	525
税
249	277	499	524
应
214	241	498	524
计
391	416	852	880
合
216	243	851	877
大
362	386	916	941
税
225	253	915	940
计
297	323	914	943
价
188	217	914	941
小
1432	1458	922	947
合
260	288	914	940
写
398	421	917	942
写
1469	1492	922	947
名
161	187	979	1003
称
321	347	980	1005
备
1136	1165	1004	1031
销
101	127	1003	1030
税
195	223	1021	1046
人
225	254	1023	1044
别
289	314	1021	1048
号
322	347	1022	1048
识
258	284	1022	1045
纳
166	188	1021	1045
址
212	238	1062	1086
电
278	298	1063	1087
售
101	124	1045	1070
地
163	191	1062	1087
话
321	348	1065	1088
方
101	127	1087	1113
开
164	190	1105	1129
及
259	285	1105	1129
账
290	317	1105	1130
注
1138	1163	1093	1119
户
196	218	1103	1130
行
228	255	1103	1131
号
322	347	1105	1132
人
192	223	1161	1182
收
116	143	1161	1185
开
1017	1044	1168	1193
复
623	647	1163	1189
人
1091	1121	1170	1191
售
1454	1478	1170	1196
款
153	182	1160	1185
销
1413	1441	1170	1197
方
1495	1526	1164	1198
核
659	686	1163	1189
票
1055	1080	1166	1194
日
1503	1529	218	249
购
1934	1959	730	757
买
1935	1959	764	789
方
1935	1963	796	823
