开
1460	1486	223	247
票
1494	1518	222	247
期
1558	1584	224	249
名
269	294	285	308
称
418	442	285	309
密
1183	1206	297	322
购
213	236	304	329
人
328	354	331	351
别
387	409	329	354
税
299	325	330	353
号
417	440	330	355
识
358	382	330	352
纳
272	294	329	353
买
213	235	352	376
地
267	294	374	397
址
312	338	374	397
电
375	393	374	397
话
414	440	376	398
码
1178	1206	361	386
方
211	236	399	425
账
385	409	419	443
及
355	380	419	442
开
267	293	420	443
行
326	352	418	444
户
297	318	418	443
号
414	437	419	444
区
1182	1201	425	447
劳
385	408	466	491
务
415	438	466	491
务
493	517	467	492
货
239	264	466	490
物
267	293	467	490
税
355	381	467	491
名
520	544	468	491
服
460	488	468	492
规
674	702	471	493
格
707	735	469	494
单
872	897	471	499
型
741	764	470	494
应
326	350	466	490
单
1176	1201	474	503
数
1001	1027	474	498
号
774	798	471	496
税
1582	1609	479	504
称
551	577	468	492
税
1731	1758	482	505
或
298	322	466	491
额
1463	1489	478	502
量
1051	1077	475	500
价
1226	1254	476	502
位
901	927	473	497
率
1615	1642	478	506
额
1814	1839	483	507
金
1378	1406	475	501
计
465	490	802	829
合
302	329	798	824
价
275	302	858	883
税
309	335	859	883
大
436	460	862	886
计
375	401	860	886
合
342	367	858	884
写
471	492	863	888
小
1455	1478	879	903
名
248	273	919	942
销
193	219	932	957
称
397	422	922	947
备
1173	1201	956	981
纳
251	273	959	983
税
278	304	959	984
人
305	333	961	982
别
365	390	961	988
号
396	420	962	988
识
336	361	961	984
售
192	214	980	1004
地
246	273	998	1022
址
290	316	999	1023
电
354	373	1001	1025
话
394	420	1004	1026
方
191	215	1029	1055
开
246	271	1040	1063
及
332	358	1041	1065
账
363	387	1042	1066
行
301	329	1039	1066
户
275	295	1038	1064
号
393	417	1043	1068
注
1174	1198	1041	1066
收
201	226	1092	1116
人
269	296	1096	1117
款
234	261	1092	1117
复
679	702	1103	1130
开
1057	1083	1114	1138
人
1128	1157	1115	1136
核
714	740	1104	1130
票
1093	1118	1113	1140
写
1489	1514	879	906
销
1474	1502	1116	1146
售
1512	1537	1117	1145
方
1550	1577	1116	1145
日
1526	1553	219	249
购
1924	1947	706	731
买
1924	1946	737	761
方
1924	1948	768	793
