开
1453	1480	284	308
日
1527	1542	285	306
期
1554	1581	283	308
票
1487	1512	282	308
名
233	258	361	384
密
1173	1196	363	388
称
391	416	361	385
购
175	199	384	410
人
296	325	408	429
税
266	293	407	431
别
359	383	407	433
号
391	416	407	433
识
327	354	408	430
纳
237	260	407	431
码
1169	1196	428	452
买
176	198	432	456
地
235	262	453	477
址
282	309	453	475
电
348	368	453	476
话
391	417	455	477
方
176	201	477	503
区
1174	1193	492	515
及
328	354	500	523
开
236	261	500	523
行
296	325	499	525
户
267	287	498	524
号
390	415	499	525
账
361	385	499	523
税
1735	1764	546	570
名
516	541	547	570
格
687	716	546	571
单
858	884	546	575
务
487	509	548	573
单
1167	1193	545	575
税
1581	1609	546	570
务
391	412	549	575
货
185	209	549	573
物
216	242	550	573
型
722	746	546	571
数
991	1017	547	571
服
451	477	549	573
税
318	345	550	574
规
653	682	548	571
额
1458	1484	546	571
率
1615	1643	544	573
号
757	781	547	573
劳
354	377	549	574
价
1218	1246	547	573
量
1042	1069	548	572
额
1824	1849	546	570
位
888	914	548	572
称
551	576	547	572
金
1373	1402	545	570
或
252	277	549	575
应
284	309	549	573
合
273	300	890	916
计
443	468	891	919
写
1488	1511	952	977
大
414	438	953	979
小
1453	1478	952	976
计
349	375	953	981
价
243	271	953	979
合
313	340	952	979
写
450	473	954	979
税
279	305	954	979
名
216	241	1017	1041
称
373	400	1017	1042
备
1171	1198	1032	1058
销
157	183	1040	1066
税
249	276	1058	1082
人
278	308	1059	1080
别
343	366	1057	1083
号
374	399	1058	1084
识
310	338	1059	1081
纳
219	242	1058	1082
址
265	292	1098	1121
电
331	352	1098	1122
售
158	179	1081	1106
话
374	401	1099	1122
地
217	245	1098	1122
方
158	183	1122	1148
注
1172	1196	1117	1142
账
345	371	1138	1163
及
313	339	1139	1163
开
218	245	1139	1163
户
251	271	1137	1163
行
281	308	1138	1165
号
375	400	1138	1164
开
1056	1082	1188	1213
人
1127	1157	1189	1211
售
1477	1499	1188	1215
复
669	693	1189	1213
人
239	268	1194	1213
核
706	734	1188	1213
款
202	231	1192	1215
票
1092	1117	1186	1214
销
1436	1467	1187	1219
收
164	196	1191	1217
方
1514	1540	1187	1216
购
1933	1955	769	794
买
1933	1954	801	825
方
1931	1957	831	857
