开
1573	1598	201	224
名
301	327	214	239
票
1607	1630	200	226
期
1671	1697	205	231
称
469	496	221	247
购
239	263	237	265
人
366	397	268	290
税
334	363	265	291
密
1292	1314	265	291
别
435	460	268	297
号
468	494	271	298
纳
302	328	263	290
识
401	429	268	292
买
237	261	288	314
地
298	328	313	339
址
349	378	315	339
电
420	442	317	342
话
466	494	321	345
方
234	262	337	363
码
1285	1313	332	357
开
298	326	363	388
及
398	426	366	392
行
365	394	363	392
账
432	459	366	393
户
332	354	362	390
号
465	491	368	396
区
1287	1308	398	420
货
240	267	413	439
物
275	305	415	440
务
463	488	420	448
务
572	596	425	452
税
387	415	419	445
名
602	630	426	451
服
532	561	425	450
劳
424	449	419	447
应
350	377	417	442
格
787	817	431	459
或
314	341	416	444
规
751	781	432	457
单
964	990	439	469
称
642	668	427	453
号
860	885	436	463
型
824	848	434	460
数
1100	1126	446	472
单
1280	1305	452	481
位
995	1022	442	467
量
1152	1178	449	474
价
1331	1359	456	482
额
1571	1597	464	490
税
1692	1718	469	494
金
1486	1515	460	485
率
1725	1751	469	496
税
1838	1864	476	500
额
1920	1943	479	503
计
515	542	786	816
合
329	359	780	807
大
480	506	852	879
税
337	364	848	874
价
299	329	846	873
计
414	439	849	879
合
373	402	847	875
写
520	544	853	880
小
1558	1584	877	901
写
1593	1615	878	903
名
267	294	912	938
称
435	462	917	944
销
200	229	936	964
备
1269	1298	953	980
人
332	362	959	982
税
301	329	957	984
别
399	426	960	989
号
434	460	961	989
纳
268	294	956	982
识
366	394	959	984
售
197	223	979	1006
址
314	343	1000	1025
地
263	294	999	1025
电
386	408	1003	1030
话
432	461	1006	1031
方
196	224	1023	1052
开
262	290	1045	1071
账
398	426	1046	1074
及
363	391	1046	1073
户
296	319	1043	1071
行
329	360	1044	1074
号
431	458	1047	1076
注
1270	1294	1042	1068
收
204	233	1101	1128
款
244	275	1101	1128
人
285	316	1103	1127
开
1152	1178	1116	1140
复
745	771	1109	1136
人
1226	1257	1117	1139
核
784	813	1110	1136
销
1542	1567	1118	1143
票
1190	1216	1114	1141
售
1578	1604	1118	1144
方
1617	1643	1116	1147
日
1641	1664	201	231
购
2019	2041	704	729
买
2019	2039	735	759
方
2018	2040	765	790
