开
1396	1420	235	256
票
1429	1451	232	257
期
1490	1514	235	258
名
243	263	297	318
称
385	409	294	317
密
1136	1157	305	329
购
195	214	323	346
别
355	377	338	362
号
384	408	338	362
识
327	350	340	360
纳
243	263	340	362
税
270	295	340	362
买
192	210	366	387
码
1132	1158	367	390
址
284	309	382	405
话
384	409	383	404
地
240	264	383	405
电
344	363	382	404
方
191	211	409	432
账
356	380	426	449
及
328	349	427	449
开
240	263	428	449
行
298	323	426	451
区
1136	1155	427	447
户
270	289	426	450
号
384	408	426	450
务
480	502	473	498
名
510	533	473	496
务
385	406	474	498
物
221	245	475	497
服
444	470	474	497
格
677	704	475	499
规
644	671	476	498
货
195	216	476	498
单
838	862	476	503
型
709	733	475	499
单
1130	1154	477	504
数
963	989	477	500
劳
351	373	473	498
号
742	766	476	500
额
1399	1423	480	503
量
1011	1036	478	501
率
1543	1569	479	504
称
543	568	474	497
价
1178	1204	478	502
额
1733	1756	483	503
位
866	891	477	500
或
255	280	474	499
应
287	311	475	498
税
320	343	474	497
金
1320	1348	478	502
税
1653	1679	481	503
税
1512	1537	480	503
计
445	469	800	825
合
281	307	799	823
大
421	443	858	880
价
256	281	858	881
小
1393	1416	856	878
计
357	381	858	882
写
1425	1446	856	879
合
323	348	856	880
写
454	475	858	880
税
290	316	858	880
名
234	257	914	937
称
383	408	914	937
备
1132	1158	930	955
销
178	203	937	960
人
291	317	954	975
别
351	374	953	978
号
382	405	953	978
识
321	345	954	976
纳
234	256	953	976
税
263	289	954	977
售
177	197	975	998
地
231	257	992	1015
址
275	301	992	1015
电
339	357	992	1016
话
379	405	994	1016
方
176	199	1014	1038
注
1134	1158	1011	1035
及
319	344	1031	1055
开
232	256	1032	1054
行
291	315	1030	1056
户
263	280	1030	1055
号
379	401	1031	1057
账
350	373	1031	1055
收
196	215	1082	1101
复
659	681	1082	1108
开
1024	1049	1083	1108
人
1092	1120	1083	1104
人
260	286	1084	1103
销
1391	1413	1082	1108
方
1463	1482	1082	1107
款
225	250	1082	1105
核
693	719	1082	1108
售
1428	1447	1081	1106
日
1460	1483	233	256
人
300	321	341	361
票
1059	1084	1081	1107
购
1836	1856	688	711
买
1835	1854	718	740
方
1835	1857	746	769
