开
1427	1453	169	192
票
1461	1485	167	192
期
1526	1552	168	193
名
231	253	226	248
称
384	408	227	250
购
179	200	252	275
密
1155	1177	240	264
人
288	316	272	292
别
350	375	271	296
号
382	405	272	296
纳
229	252	269	292
识
320	346	272	293
税
258	285	270	293
买
175	194	295	317
址
271	298	314	336
地
224	251	313	336
电
337	356	315	338
话
379	404	317	339
码
1150	1177	303	327
方
171	191	338	363
开
222	248	359	382
及
315	340	360	382
行
284	311	359	384
户
253	275	358	383
账
345	371	360	383
号
377	401	360	385
区
1154	1174	366	387
务
471	496	407	433
货
173	194	407	430
务
374	397	408	434
名
501	528	408	431
税
304	329	408	432
格
676	705	412	437
规
643	671	413	436
型
710	734	412	436
单
844	869	414	442
劳
337	363	407	433
物
199	226	407	430
单
1148	1173	417	446
数
973	1000	417	441
号
744	769	414	439
称
538	565	409	434
或
235	261	407	432
税
1551	1579	423	447
税
1702	1730	424	448
应
268	295	408	432
量
1024	1050	418	442
额
1431	1456	422	446
位
873	899	416	440
价
1198	1225	419	444
率
1584	1612	422	449
额
1790	1814	425	449
金
1348	1376	419	444
计
421	447	748	776
合
246	274	746	772
价
217	245	808	834
大
391	416	810	835
计
325	351	809	837
合
288	315	808	835
税
254	281	809	834
写
428	451	811	836
小
1431	1456	822	846
写
1466	1489	823	848
名
182	211	870	892
称
344	373	872	895
备
1149	1178	898	923
人
234	265	910	930
税
206	233	908	932
别
300	331	910	935
纳
174	202	907	930
识
270	297	909	931
地
159	188	945	969
电
280	299	948	972
话
323	353	951	973
方
91	121	966	993
开
151	178	987	1012
账
280	306	989	1015
行
214	245	987	1016
户
180	207	986	1012
注
1153	1179	980	1005
收
95	118	1042	1068
人
164	194	1045	1068
开
1030	1059	1054	1080
款
127	154	1042	1069
人
1106	1139	1055	1078
复
617	643	1049	1077
核
656	687	1049	1077
销
1440	1470	1059	1088
票
1070	1097	1053	1081
售
1483	1509	1060	1087
日
1494	1518	166	193
服
431	463	407	433
销
118	153	887	917
售
105	135	922	955
号
334	362	910	937
址
207	239	945	972
号
313	341	988	1016
方
1524	1555	1059	1090
及
251	273	988	1017
购
1906	1926	646	671
买
1906	1927	678	701
方
1907	1931	708	733
