开
1473	1499	217	240
期
1572	1597	215	240
票
1508	1532	214	240
名
267	292	299	322
称
422	448	296	321
密
1200	1222	296	321
购
209	232	319	344
纳
271	294	344	368
人
330	359	345	366
税
300	328	344	368
别
393	416	342	368
号
423	448	343	368
识
360	387	344	367
码
1197	1224	360	384
买
210	233	369	393
电
381	401	388	412
址
316	342	389	412
地
268	296	390	413
话
422	449	390	412
方
210	236	417	443
区
1201	1222	424	446
账
395	420	434	459
及
363	390	435	458
开
270	296	437	460
行
331	360	434	461
户
302	323	434	461
号
424	449	434	459
税
1744	1772	469	493
税
1595	1622	471	495
单
1197	1222	474	502
额
1827	1851	468	492
率
1628	1655	469	496
单
893	918	477	505
额
1478	1504	472	496
数
1022	1048	476	501
格
728	756	479	504
务
510	535	481	507
劳
397	420	482	509
务
429	452	482	507
名
537	562	482	505
型
761	785	479	503
价
1246	1274	474	499
物
273	299	485	509
税
366	393	483	508
货
243	268	485	509
规
694	722	481	504
号
795	819	479	504
量
1072	1098	477	501
金
1394	1423	471	496
位
921	947	478	502
应
334	360	483	508
称
569	595	481	505
或
305	331	484	509
计
495	519	817	845
合
325	352	820	845
小
1476	1499	865	888
大
467	490	878	903
税
334	361	880	905
计
403	429	879	906
价
299	326	880	906
写
502	523	879	903
合
368	395	878	904
名
275	300	942	966
备
1204	1231	949	974
称
428	453	940	965
销
218	244	957	982
纳
279	301	982	1006
人
334	363	983	1004
别
397	421	980	1006
税
306	333	981	1006
号
428	452	980	1006
识
366	392	982	1005
电
386	406	1021	1044
址
321	347	1021	1045
售
219	242	1005	1030
话
427	453	1022	1045
地
276	303	1021	1045
注
1206	1230	1032	1057
方
222	245	1054	1079
账
397	423	1061	1085
及
365	392	1061	1085
开
277	302	1062	1086
户
308	327	1061	1086
行
334	362	1061	1087
号
427	452	1060	1086
人
1163	1191	1105	1127
开
1094	1119	1106	1130
复
720	744	1108	1134
收
235	261	1115	1139
人
304	331	1117	1138
核
755	781	1107	1134
票
1129	1153	1103	1131
款
269	296	1115	1139
服
473	504	481	505
写
1506	1535	865	891
销
1500	1529	1099	1127
售
1538	1562	1096	1123
方
1576	1602	1094	1123
日
1538	1566	211	240
购
1935	1956	685	709
买
1935	1955	716	739
方
1934	1958	746	770
