开
1416	1440	202	225
期
1510	1535	201	225
票
1448	1471	201	225
名
248	272	260	282
称
399	424	260	284
购
191	213	279	302
密
1153	1175	273	296
人
306	334	305	325
别
368	391	304	329
税
277	304	304	327
号
398	423	305	329
识
337	362	304	326
纳
248	271	303	326
买
188	210	326	349
地
242	270	347	369
址
290	316	347	369
电
355	375	348	370
码
1150	1176	334	357
话
396	423	350	371
方
185	209	372	396
账
366	391	392	416
开
243	269	392	414
及
336	360	392	415
户
275	295	391	415
区
1154	1174	395	415
行
304	332	391	417
号
396	421	392	417
货
214	238	438	461
务
399	422	438	464
务
481	504	439	464
名
507	531	441	463
格
693	720	441	465
单
854	879	441	469
单
1149	1174	442	469
型
726	749	442	465
税
336	362	439	462
税
1681	1707	444	467
数
980	1006	443	466
规
660	687	443	464
劳
367	391	438	464
号
759	783	442	467
税
1536	1562	444	467
额
1764	1787	444	467
额
1422	1446	444	467
率
1568	1594	443	469
称
539	564	440	464
量
1029	1054	444	467
价
1198	1224	443	468
或
275	300	438	463
位
883	908	443	466
应
304	330	438	462
金
1341	1368	443	466
计
452	477	769	796
合
280	307	769	794
大
421	444	829	854
价
251	278	830	856
小
1423	1446	828	851
税
286	313	830	855
计
357	383	829	856
写
1456	1477	828	852
合
320	348	828	855
写
457	479	830	854
名
222	247	892	916
称
379	405	891	916
备
1154	1181	906	932
销
163	190	906	932
别
346	370	931	958
税
253	279	932	957
号
377	403	931	958
识
314	340	933	956
纳
224	247	932	957
电
332	352	972	997
址
266	292	973	996
售
163	185	955	981
地
218	247	973	997
话
375	402	974	996
注
1156	1180	990	1015
方
161	186	1005	1032
及
311	335	1014	1038
开
219	244	1015	1038
户
250	270	1013	1039
行
279	306	1013	1040
号
373	398	1013	1040
账
342	367	1013	1038
开
1044	1069	1063	1088
人
1112	1141	1063	1085
方
1527	1552	1063	1089
收
170	196	1069	1093
人
243	272	1071	1092
复
668	691	1065	1091
核
703	730	1064	1091
款
206	234	1069	1094
票
1079	1103	1061	1088
服
445	476	440	464
销
1447	1479	1057	1093
售
1488	1516	1059	1090
物
243	267	436	461
人
284	308	933	957
日
1479	1500	200	225
购
1877	1897	657	680
买
1878	1898	687	710
方
1878	1901	716	740
