开
1475	1502	164	190
日
1551	1566	166	189
票
1510	1537	162	190
期
1578	1606	165	191
名
215	239	250	274
密
1184	1207	244	271
称
371	395	248	272
购
157	179	273	299
别
338	362	295	321
号
370	394	295	321
识
308	333	296	319
税
247	275	296	321
码
1179	1209	313	339
买
158	178	324	348
电
327	347	342	366
地
211	241	343	368
址
261	289	343	367
话
369	397	343	367
方
152	179	373	398
区
1184	1205	381	404
开
210	238	390	413
及
305	333	390	414
户
241	264	388	415
账
338	365	388	414
税
1763	1793	436	462
单
851	878	435	465
单
1177	1204	435	465
务
455	479	438	465
税
1605	1635	436	462
务
371	396	439	465
名
483	507	439	463
格
679	709	438	464
税
304	333	439	464
数
991	1020	435	462
物
206	235	439	464
货
178	204	439	464
型
715	740	437	464
规
644	673	440	464
额
1478	1506	437	462
额
1852	1878	436	462
率
1640	1669	435	464
号
749	775	438	465
价
1231	1261	436	464
劳
336	362	438	465
量
1045	1073	437	462
应
270	298	439	464
位
882	910	436	462
称
514	540	437	463
金
1391	1422	435	461
或
240	267	439	465
计
430	457	793	822
合
251	281	791	819
价
221	251	854	882
大
397	423	855	881
税
258	287	855	881
计
331	358	854	884
合
293	322	854	881
写
436	460	856	882
名
191	218	923	947
称
355	382	922	949
销
131	159	935	962
备
1180	1211	946	973
纳
193	218	965	990
别
320	346	965	993
号
354	380	965	993
识
288	315	966	990
售
131	154	987	1014
地
189	218	1007	1033
址
239	267	1007	1032
电
307	329	1007	1034
话
351	380	1010	1034
方
128	157	1039	1067
注
1183	1208	1035	1061
开
189	216	1051	1075
及
283	311	1051	1076
户
218	244	1049	1076
号
351	377	1050	1078
账
315	344	1050	1077
人
198	230	1107	1129
复
651	676	1108	1137
售
1551	1577	1111	1138
人
1135	1168	1112	1137
款
160	190	1104	1131
方
1593	1621	1110	1139
核
689	719	1108	1137
票
1099	1125	1110	1141
开
1060	1087	1112	1146
号
368	396	390	416
纳
214	243	297	323
服
418	449	439	466
收
121	154	1105	1132
写
1509	1535	853	884
小
1474	1505	855	884
销
1507	1539	1113	1141
人
278	302	297	320
行
273	300	391	414
税
224	251	965	992
人
256	282	966	990
行
251	277	1050	1076
购
1975	1999	668	695
买
1975	1999	702	727
方
1975	2001	733	760
