开
1419	1444	214	237	237
日
1492	1507	214	236	236
期
1518	1545	214	238	238
票
1453	1477	212	239	239
密
1142	1164	292	318	318
称
346	372	289	314	314
名
186	211	290	313	313
购
127	150	315	341	341
人
250	279	338	359	359
号
348	373	336	362	362
识
288	310	337	359	359
别
317	339	336	362	362
税
219	247	336	361	361
纳
189	212	337	361	361
码
1139	1165	358	383	383
买
127	150	362	387	387
址
235	263	383	407	407
电
304	326	383	408	408
地
186	214	383	408	408
话
348	375	385	407	407
方
126	151	409	435	435
区
1144	1163	423	445	445
及
286	313	431	455	455
开
188	214	432	456	456
行
253	281	430	457	457
户
222	242	430	456	456
号
351	375	431	456	456
账
320	345	431	455	455
率
1576	1603	475	498	498
单
1137	1162	476	505	505
单
829	853	478	507	507
务
455	477	481	506	506
名
484	510	481	504	504
格
659	686	479	505	505
规
625	653	481	504	504
数
960	988	478	503	503
物
170	198	483	507	507
型
694	718	479	504	504
货
136	162	483	507	507
额
1422	1447	477	501	501
号
728	753	480	506	506
价
1188	1215	477	503	503
劳
315	339	481	507	507
量
1011	1038	478	503	503
位
859	884	480	504	504
应
242	269	482	507	507
金
1339	1366	476	501	501
税
1542	1570	475	500	500
称
521	547	481	505	505
服
417	444	482	505	505
或
208	235	482	508	508
税
279	307	482	507	507
务
351	374	482	507	507
计
421	446	823	850	850
合
248	275	824	850	850
大
394	417	885	910	910
小
1419	1444	876	899	899
价
222	248	887	912	912
写
1453	1475	875	899	899
计
329	354	885	912	912
写
430	451	885	910	910
合
294	319	885	911	911
税
258	286	887	911	911
名
197	221	949	973	973
备
1145	1168	958	984	984
称
355	380	947	972	972
销
137	163	973	998	998
人
261	288	991	1011	1011
别
323	347	988	1014	1014
号
357	379	988	1014	1014
识
292	318	989	1012	1012
纳
200	223	990	1014	1014
税
230	257	989	1014	1014
售
138	160	1013	1038	1038
电
312	332	1029	1053	1053
址
245	272	1030	1053	1053
话
355	381	1030	1053	1053
地
198	225	1030	1054	1054
注
1145	1167	1043	1069	1069
方
139	164	1054	1080	1080
及
292	318	1070	1094	1094
开
198	224	1071	1096	1096
行
261	288	1070	1096	1096
户
229	250	1069	1096	1096
号
355	379	1069	1095	1095
账
325	349	1069	1094	1094
人
1101	1128	1116	1138	1138
开
1031	1055	1117	1140	1140
收
152	178	1126	1150	1150
人
226	254	1127	1148	1148
复
650	671	1120	1146	1146
票
1067	1090	1114	1141	1141
核
685	710	1120	1145	1145
款
188	216	1125	1150	1150
税
1687	1722	472	503	503
额
1772	1802	471	502	502
销
1404	1433	1110	1138	1138
售
1443	1467	1110	1138	1138
方
1482	1504	1109	1138	1138
买
1885	1905	724	747	747
购
1884	1907	694	718	0
方
1883	1908	753	778	0
