开
1421	1446	217	240
期
1516	1542	215	240
票
1454	1477	214	240
名
241	267	280	304
称
396	422	282	305
密
1156	1178	291	315
购
186	209	304	329
人
305	333	327	348
别
365	390	325	352
号
397	421	326	352
识
335	362	326	349
税
275	302	326	350
纳
245	269	323	349
买
188	209	347	374
码
1153	1178	354	377
址
289	317	370	393
电
355	376	371	395
地
243	271	370	394
话
397	424	373	395
方
188	213	395	420
区
1156	1175	415	437
账
368	394	416	440
开
245	271	417	440
及
336	364	417	439
行
307	333	415	441
号
397	422	417	441
户
276	297	415	441
务
398	422	464	489
务
498	522	465	490
货
198	222	465	489
物
229	255	465	489
名
528	552	465	488
单
857	882	466	493
格
697	724	466	491
税
1681	1709	465	489
税
329	356	465	489
规
664	691	468	490
价
1199	1225	467	492
单
1150	1174	466	494
数
982	1008	467	491
型
729	753	466	490
额
1765	1790	464	488
税
1538	1564	466	490
劳
363	387	464	490
额
1423	1447	467	490
号
762	786	467	492
率
1570	1602	464	491
量
1032	1057	468	492
称
562	588	465	489
位
886	911	468	491
或
263	289	464	490
金
1342	1370	466	490
应
295	321	464	489
合
288	323	789	819
税
305	332	853	877
小
1420	1443	848	871
价
271	298	853	879
写
1453	1474	848	872
合
338	366	852	877
写
472	494	853	877
计
374	406	852	880
名
245	270	910	937
备
1153	1181	925	950
称
397	423	913	937
销
189	215	936	962
人
306	335	953	974
税
276	305	951	977
别
366	391	952	978
号
397	428	952	978
识
336	363	953	976
纳
249	272	952	977
电
356	375	991	1015
地
247	275	989	1015
话
397	422	993	1015
注
1156	1180	1006	1030
账
367	393	1030	1055
及
337	363	1031	1054
户
279	299	1027	1055
号
397	421	1030	1055
售
1444	1466	1075	1099
开
1046	1071	1076	1099
人
1114	1142	1076	1097
销
1406	1432	1075	1100
方
1481	1505	1075	1100
票
1080	1106	1074	1100
计
462	494	790	821
大
435	460	853	880
行
306	336	1029	1058
售
190	215	972	1001
方
189	215	1014	1040
人
276	303	1082	1106
开
246	276	1030	1057
址
291	319	989	1019
服
461	488	467	491
日
1486	1509	212	241
复
680	706	1077	1107
核
714	745	1073	1107
收
201	229	1080	1110
款
238	265	1080	1109
购
1870	1892	675	699
买
1869	1891	705	728
方
1869	1893	734	758
