开
1415	1439	252	273
票
1446	1469	251	274
期
1507	1531	253	276
名
294	318	278	299
称
441	465	283	305
购
242	263	299	323
密
1162	1182	313	336
人
350	376	323	343
别
409	432	324	348
号
440	463	326	349
识
379	404	323	344
纳
296	317	321	343
税
323	347	321	343
买
240	260	343	365
址
334	359	363	384
地
292	316	363	385
电
397	416	366	388
话
437	462	369	390
码
1157	1182	371	393
方
238	261	384	408
开
290	314	407	427
及
377	402	409	431
行
347	373	406	431
户
319	338	405	429
号
436	459	410	434
账
407	431	409	431
区
1159	1178	429	449
货
243	265	451	474
物
271	296	452	474
务
433	456	456	480
务
526	548	458	482
名
553	577	459	480
劳
399	423	454	479
规
681	708	463	484
格
713	739	462	485
应
333	358	453	475
型
746	767	464	486
单
870	894	468	493
或
304	327	452	476
税
366	392	455	477
称
587	611	460	482
号
777	800	465	489
单
1152	1175	477	503
位
897	922	470	492
数
992	1016	473	495
量
1038	1063	475	497
价
1199	1224	480	503
额
1416	1440	485	508
税
1528	1553	488	511
率
1560	1585	488	513
税
1669	1695	492	514
金
1339	1365	482	505
额
1750	1774	494	517
合
309	335	769	794
价
279	305	827	853
大
441	465	831	855
合
345	371	829	853
税
313	337	829	853
写
476	498	833	857
小
1407	1430	857	880
写
1439	1460	859	881
名
249	274	887	909
称
400	425	890	914
销
193	219	908	932
备
1144	1170	925	949
税
279	305	927	950
人
306	335	929	949
别
368	392	929	954
号
399	423	929	954
纳
250	273	926	949
识
337	363	929	950
售
192	213	945	970
址
292	317	965	987
地
246	273	964	987
电
355	375	966	990
话
396	422	969	991
方
190	214	985	1010
开
246	271	1004	1027
及
334	360	1006	1029
账
365	390	1006	1030
行
304	331	1004	1030
户
276	296	1003	1028
号
395	419	1006	1032
注
1144	1166	1005	1028
人
264	292	1057	1076
款
229	256	1053	1076
复
673	695	1061	1085
开
1034	1058	1069	1092
人
1100	1128	1072	1092
核
707	733	1061	1085
票
1068	1091	1069	1094
售
1426	1448	1081	1106
计
372	403	829	853
销
1390	1417	1078	1109
方
1461	1487	1080	1109
收
195	222	1050	1078
计
470	499	773	801
服
492	519	459	483
日
1480	1499	252	274
购
1853	1872	702	725
买
1852	1871	731	753
方
1851	1873	759	783
