开
1435	1459	217	241
期
1531	1557	216	241
票
1467	1490	215	242
名
196	222	284	308
称
362	388	285	309
密
1163	1185	293	319
购
134	159	309	335
人
264	294	334	355
别
331	354	332	358
税
232	260	332	357
号
363	388	333	359
识
303	325	333	356
纳
200	224	332	357
码
1160	1187	358	382
买
134	158	358	382
址
250	277	380	403
电
319	341	380	404
话
364	392	382	405
方
135	161	405	431
区
1164	1185	422	444
及
300	327	428	452
开
199	227	429	452
行
266	295	426	453
账
334	359	427	452
号
365	391	427	453
单
1159	1184	473	502
名
505	530	478	502
单
853	878	476	504
格
683	711	477	503
规
648	678	479	503
数
984	1011	476	501
服
434	463	479	503
率
1588	1614	472	498
额
1438	1463	474	498
号
752	777	478	503
价
1209	1236	475	500
量
1035	1061	477	501
物
182	209	480	504
额
1784	1807	473	494
劳
328	354	478	504
务
473	496	478	503
货
148	173	479	504
应
255	283	479	504
位
882	909	478	502
金
1357	1384	473	498
税
1555	1581	473	496
税
1700	1727	472	495
型
718	742	477	502
务
367	390	478	504
称
541	568	478	502
税
292	320	479	504
或
220	247	479	505
计
443	468	824	851
合
262	289	827	853
小
1439	1462	867	890
写
1473	1493	865	890
计
347	372	887	915
税
273	301	889	914
价
235	264	890	916
大
414	437	886	911
写
450	473	886	911
合
310	336	888	914
备
1167	1194	951	976
名
211	236	954	977
称
373	399	951	975
销
148	175	979	1005
人
277	305	995	1016
别
342	365	992	1018
税
245	273	994	1019
号
374	399	991	1017
识
309	336	994	1016
纳
215	238	995	1018
电
330	351	1033	1057
址
263	290	1034	1057
售
151	174	1020	1045
话
374	400	1034	1056
注
1170	1193	1033	1058
地
213	242	1035	1059
方
151	177	1061	1087
及
312	338	1074	1098
开
214	241	1077	1101
户
249	269	1074	1101
行
279	307	1074	1100
号
376	400	1073	1098
账
345	370	1073	1098
售
1469	1487	1098	1123
销
1429	1452	1099	1125
人
1128	1154	1107	1127
方
1503	1527	1098	1124
开
1057	1082	1107	1131
复
679	702	1115	1140
票
1093	1117	1105	1132
核
714	739	1114	1140
收
168	196	1133	1158
人
245	276	1131	1152
款
205	235	1132	1156
日
1500	1524	214	243
户
235	259	426	456
地
198	228	380	406
购
1893	1914	685	708
买
1894	1914	715	737
方
1894	1917	744	768
