期
1509	1536	177	203
开
1413	1439	178	202
日
1484	1499	179	200
票
1446	1471	176	203
称
369	397	246	270
名
215	242	247	271
密
1147	1169	257	282
购
158	183	272	298
纳
217	242	292	315
别
336	363	290	316
税
246	270	291	316
号
368	395	291	316
识
306	333	291	314
码
1144	1171	321	344
买
156	180	318	342
电
325	347	335	359
地
213	242	337	361
方
154	181	362	388
账
335	364	381	406
及
304	333	382	405
开
213	241	383	407
区
1148	1168	383	404
户
243	266	381	407
行
272	302	380	407
号
367	394	381	408
务
367	394	431	457
务
473	498	431	457
名
501	528	432	456
货
160	188	432	457
物
192	221	432	456
税
296	325	431	456
税
1685	1711	430	454
税
1538	1565	431	455
数
970	998	433	458
价
1192	1220	433	459
单
841	867	432	460
应
261	289	431	458
格
675	704	433	458
单
1143	1168	433	461
规
641	671	435	459
额
1766	1792	429	454
率
1570	1597	429	457
劳
331	358	430	457
额
1420	1445	432	456
号
743	768	434	459
服
431	463	433	457
量
1021	1048	434	458
称
535	563	432	457
位
870	897	434	457
型
709	734	434	458
或
229	256	431	457
金
1339	1369	430	455
计
434	462	772	800
合
260	289	773	800
小
1429	1454	822	846
大
404	430	832	858
写
442	465	832	858
价
233	262	833	860
税
268	297	834	860
写
1460	1482	822	847
计
340	367	832	860
合
304	333	832	859
名
206	233	898	923
称
364	391	896	922
销
147	177	921	948
纳
210	234	939	964
税
239	263	938	964
别
332	358	937	965
号
364	390	938	964
识
301	328	939	963
电
320	342	979	1004
地
207	235	979	1005
址
255	282	979	1003
话
364	391	980	1004
注
1155	1179	991	1017
方
150	176	1003	1030
账
333	360	1019	1045
及
301	329	1020	1045
开
208	235	1021	1046
行
268	298	1019	1047
户
238	260	1019	1047
号
364	389	1019	1046
售
1461	1485	1061	1087
开
1041	1067	1064	1090
人
1110	1141	1064	1087
方
1500	1525	1061	1088
收
162	190	1074	1099
复
651	675	1069	1096
人
234	265	1076	1097
票
1077	1102	1062	1091
核
685	713	1068	1096
款
197	226	1074	1100
人
276	303	293	316
址
259	286	336	360
销
1423	1451	1059	1090
备
1152	1180	906	936
售
150	178	960	988
话
367	394	336	360
人
268	297	938	964
购
1880	1903	646	671
买
1881	1903	677	700
方
1881	1906	706	731
