开
1554	1580	161	186
期
1657	1684	160	187
票
1589	1615	159	186
名
269	297	246	271
密
1265	1290	243	269
称
434	461	243	269
购
207	233	272	299
人
334	366	295	317
税
304	332	294	320
别
402	427	293	320
号
435	461	293	320
识
368	397	294	318
纳
273	297	295	320
码
1263	1292	311	337
买
207	232	321	347
电
390	412	342	367
址
320	349	343	367
地
270	299	343	368
话
435	463	343	367
方
206	234	370	397
区
1269	1290	379	403
账
404	432	391	417
及
370	399	392	417
开
270	298	394	418
行
336	366	391	419
户
304	327	391	418
号
436	462	391	418
税
1688	1717	432	457
单
1262	1288	435	466
税
1842	1870	431	457
额
1927	1953	431	456
率
1723	1751	430	459
单
939	966	439	470
额
1563	1589	434	459
务
545	570	442	470
名
577	604	442	468
格
762	792	441	468
数
1077	1107	439	465
务
436	462	443	471
型
798	824	441	468
价
1315	1345	436	463
物
250	279	446	471
货
214	242	446	472
规
726	756	443	467
量
1131	1158	439	465
号
835	861	442	469
税
361	391	445	471
劳
398	424	443	471
金
1475	1505	433	459
位
970	998	441	467
应
323	352	445	472
称
615	643	442	468
或
289	317	445	472
计
507	535	805	835
合
323	353	807	835
小
1567	1593	856	881
大
478	504	871	897
写
1604	1627	855	881
价
297	326	873	901
税
334	364	873	900
计
409	437	872	901
写
516	540	871	898
合
371	401	872	899
名
269	297	941	966
备
1274	1304	945	972
称
437	464	938	965
销
207	235	966	993
人
336	367	984	1006
别
403	429	981	1010
税
305	334	983	1010
号
437	463	981	1010
识
371	398	983	1008
纳
274	298	983	1009
电
391	414	1025	1051
址
321	350	1025	1051
地
271	301	1026	1052
话
436	465	1026	1051
售
208	233	1009	1035
注
1278	1304	1036	1063
方
209	236	1052	1080
及
371	399	1069	1095
账
405	432	1068	1095
开
272	300	1070	1096
户
306	328	1068	1097
行
337	367	1068	1097
号
437	463	1068	1096
人
1232	1264	1114	1137
开
1157	1184	1115	1142
复
751	777	1121	1149
人
301	332	1129	1152
收
223	251	1129	1155
票
1196	1222	1112	1141
核
789	818	1120	1148
款
261	291	1128	1154
销
1557	1584	1108	1134
售
1600	1627	1106	1132
方
1638	1662	1107	1134
服
508	533	444	471
日
1625	1648	159	186
购
2046	2068	658	684
买
2046	2069	691	715
方
2046	2071	722	748
