开
1413	1439	202	227
日
1487	1501	202	224
期
1513	1540	201	227
票
1447	1472	200	227
名
190	214	293	317
密
1135	1158	284	310
称
341	367	288	313
纳
192	214	339	363
税
221	247	338	363
别
310	333	335	361
号
341	366	335	361
码
1132	1160	351	375
电
299	319	382	406
址
235	261	383	407
话
341	368	383	406
地
190	216	385	409
区
1138	1158	414	437
账
312	338	428	453
及
281	307	429	453
行
250	277	429	456
开
191	216	432	456
户
221	241	429	456
号
342	367	427	454
税
1695	1724	459	484
税
1543	1571	461	486
额
1781	1808	458	482
单
1132	1158	466	496
率
1577	1605	459	487
额
1421	1447	464	489
单
820	846	470	499
格
650	679	473	499
价
1183	1212	467	493
务
429	453	476	503
型
685	709	473	498
名
456	481	477	500
务
347	371	478	504
规
616	644	475	499
量
1005	1032	470	495
号
720	744	473	499
物
193	218	482	507
税
283	310	479	504
金
1337	1366	463	489
货
165	189	483	507
位
850	876	471	496
劳
315	339	478	504
称
489	514	476	500
应
253	278	480	505
数
953	982	470	499
或
225	249	481	507
计
411	437	822	850
合
239	268	824	850
小
1422	1448	863	888
写
1454	1477	863	889
大
384	408	882	907
税
249	276	885	910
计
319	345	882	911
价
213	241	885	911
写
421	443	882	907
合
283	312	882	909
名
187	213	951	975
备
1142	1171	953	980
称
345	371	947	972
销
130	157	964	990
别
313	338	988	1016
号
346	370	989	1015
纳
191	214	991	1016
电
302	324	1030	1054
址
237	264	1031	1055
话
346	373	1030	1054
售
131	154	1014	1038
地
189	217	1032	1056
注
1145	1170	1038	1064
方
134	158	1063	1089
账
317	344	1070	1095
及
285	313	1071	1094
开
191	218	1073	1097
户
224	243	1071	1097
行
252	280	1070	1097
号
348	372	1069	1095
销
1451	1479	1106	1132
人
1101	1130	1111	1134
开
1029	1055	1112	1136
复
643	667	1117	1144
售
1490	1521	1105	1132
收
141	170	1125	1149
人
213	243	1126	1147
票
1066	1090	1109	1136
核
678	707	1116	1143
款
177	206	1124	1149
方
1536	1561	1104	1129
买
135	163	364	392
方
133	163	416	441
服
394	421	477	505
识
279	307	336	361
人
251	273	338	361
税
221	248	991	1017
人
252	276	991	1017
识
281	309	989	1013
购
1900	1924	679	704
买
1900	1922	711	735
方
1899	1924	740	766
