开
1421	1445	219	241
票
1453	1476	217	241
期
1515	1539	218	241
名
274	298	268	289
称
423	447	270	293
购
219	241	285	309
密
1162	1183	286	309
税
304	329	311	333
别
392	415	312	336
号
422	445	313	337
纳
275	297	310	333
识
362	387	312	333
买
215	236	332	354
地
268	295	353	375
址
315	341	354	375
电
379	398	354	377
话
419	445	357	378
码
1159	1184	346	368
方
212	236	376	401
开
268	294	397	419
及
359	384	398	420
账
389	414	398	421
户
299	319	396	419
行
328	355	396	421
号
419	442	398	423
区
1162	1181	405	425
货
239	263	441	465
物
267	293	442	465
务
421	443	444	468
务
501	523	445	469
名
526	550	446	468
格
708	735	448	472
税
359	385	444	467
劳
389	413	443	468
单
867	891	449	476
型
741	763	449	472
规
676	703	449	471
单
1157	1181	452	479
数
990	1015	452	475
号
773	796	450	474
称
557	582	446	469
税
1684	1710	458	481
或
299	324	442	467
应
328	353	443	465
量
1038	1063	453	476
额
1427	1450	456	479
税
1540	1566	457	480
位
894	919	452	474
价
1205	1231	454	478
率
1572	1597	456	482
额
1765	1789	458	482
金
1347	1373	454	477
计
467	492	768	795
合
299	325	766	792
大
436	459	827	852
税
304	330	827	851
计
374	399	827	854
价
269	296	827	852
合
338	365	826	851
小
1426	1448	836	858
写
471	494	828	852
写
1459	1479	836	860
名
240	265	888	911
称
394	420	888	913
销
181	208	901	927
备
1158	1185	911	936
税
269	296	928	952
别
360	385	927	954
号
392	416	928	954
识
330	355	929	952
纳
240	263	927	952
地
235	262	967	991
售
180	202	949	974
址
281	308	967	991
电
347	366	968	992
话
388	415	970	992
方
178	202	999	1025
注
1160	1183	994	1019
账
355	380	1008	1033
开
234	259	1009	1032
及
323	349	1009	1033
行
293	320	1007	1034
户
264	285	1007	1033
号
386	411	1009	1035
收
185	211	1061	1086
人
257	285	1064	1085
开
1047	1072	1066	1090
人
1116	1144	1066	1088
复
675	698	1062	1089
款
221	248	1062	1087
核
710	737	1063	1089
方
1528	1553	1071	1097
票
1082	1106	1064	1091
服
465	495	446	469
销
1453	1480	1067	1099
售
1491	1515	1067	1099
日
1483	1508	215	240
人
334	355	313	334
人
300	324	928	950
购
1878	1898	670	694
买
1879	1899	700	722
方
1880	1902	729	753
