开
1425	1451	169	193
期
1523	1549	168	194
票
1459	1483	167	194
名
207	233	236	261
密
1152	1174	246	271
称
365	391	237	269
购
149	174	261	287
税
240	268	283	308
别
333	358	283	309
号
365	391	283	309
识
301	328	284	306
纳
211	234	283	308
买
149	172	303	333
码
1149	1175	311	335
电
321	343	328	353
址
256	282	329	353
地
208	237	329	353
话
364	392	331	354
方
147	174	354	380
账
334	361	375	400
及
301	329	376	400
开
208	235	377	401
区
1153	1173	374	396
户
241	262	375	402
行
270	299	375	402
号
365	391	376	402
物
190	218	426	451
务
364	391	426	452
务
470	495	426	452
名
500	527	426	450
货
157	184	426	452
税
294	321	426	451
格
676	704	426	452
价
1197	1224	428	453
税
1694	1721	425	451
规
641	670	428	452
单
843	869	426	455
数
974	1001	427	452
单
1147	1172	427	455
税
1546	1573	426	451
型
710	734	427	451
率
1579	1606	425	452
劳
329	354	425	452
额
1426	1452	427	452
号
743	769	427	453
量
1024	1050	428	453
额
1777	1802	426	450
应
258	285	426	452
称
537	563	426	451
位
873	899	428	452
或
227	253	426	452
金
1345	1374	426	451
计
433	460	768	795
合
259	288	768	794
大
405	430	829	855
小
1425	1450	821	844
税
270	298	830	855
写
1459	1480	820	845
计
340	367	829	857
价
232	263	830	857
合
304	333	829	855
写
441	463	830	855
名
206	233	894	918
备
1151	1179	901	926
称
365	391	892	917
销
145	176	917	944
税
239	267	933	959
别
333	358	932	959
号
365	391	933	959
识
302	330	934	957
纳
211	234	934	958
地
208	236	973	999
电
321	342	973	998
址
255	282	974	998
话
364	394	973	998
售
148	172	957	983
注
1154	1178	984	1009
方
148	175	997	1025
账
332	361	1013	1040
及
300	329	1015	1040
开
209	235	1016	1041
行
269	298	1014	1042
户
240	261	1013	1041
号
365	391	1013	1040
销
1411	1437	1054	1080
人
1110	1139	1057	1079
开
1040	1067	1057	1082
核
697	725	1061	1088
复
662	687	1062	1088
人
236	266	1071	1093
售
1449	1473	1053	1079
票
1077	1101	1055	1082
方
1487	1518	1053	1080
款
200	229	1069	1094
收
162	189	1070	1097
服
432	460	427	454
人
271	297	931	958
日
1495	1516	166	193
人
271	297	281	309
购
1884	1905	641	666
买
1885	1906	672	695
方
1885	1909	701	727
