开
1475	1501	218	242
票
1510	1533	216	242
期
1568	1593	221	246
名
244	270	292	317
称
402	428	291	316
密
1195	1217	298	323
购
187	210	314	340
人
308	337	341	362
别
371	395	339	365
税
278	306	339	365
号
404	427	339	365
识
340	367	340	363
纳
249	271	340	364
码
1192	1219	365	388
买
188	210	365	390
电
360	381	386	410
地
245	273	386	411
址
293	320	386	410
话
404	430	387	410
方
189	213	415	440
区
1196	1216	429	451
及
343	369	434	458
账
375	400	433	458
开
248	274	435	460
户
281	301	433	459
行
310	338	432	460
号
405	430	433	459
税
1734	1761	478	503
劳
377	401	482	509
务
494	517	482	509
单
1191	1216	480	509
务
410	433	483	509
名
521	548	484	508
单
884	908	482	511
物
252	277	485	509
格
715	743	483	509
货
222	247	484	509
规
681	709	485	508
税
1590	1615	479	504
额
1817	1843	478	503
额
1476	1503	479	504
型
750	774	484	508
率
1621	1647	478	506
价
1242	1269	481	507
税
345	372	484	509
号
784	808	484	510
量
1064	1090	483	508
应
313	340	483	508
数
1016	1041	483	508
金
1392	1420	479	504
位
913	940	484	508
称
555	581	484	509
或
284	309	483	510
计
477	502	826	854
合
304	330	827	853
小
1469	1493	877	901
大
448	471	888	913
写
1504	1525	877	902
税
313	340	889	914
计
383	408	888	916
价
278	304	889	914
合
347	374	888	913
写
484	507	888	913
名
255	279	951	975
备
1194	1222	961	987
称
408	434	951	976
销
197	223	965	990
人
316	344	992	1014
别
379	401	991	1017
税
286	313	991	1016
号
409	433	992	1018
识
347	373	992	1015
纳
257	279	991	1016
售
200	222	1013	1038
电
367	387	1031	1055
址
302	328	1031	1055
地
256	283	1031	1055
话
409	435	1033	1056
注
1197	1221	1045	1070
方
201	225	1063	1088
账
379	404	1072	1097
开
257	282	1073	1096
及
346	372	1073	1096
户
288	308	1071	1096
行
316	342	1071	1098
号
409	434	1072	1098
销
1489	1515	1110	1134
开
1082	1108	1118	1141
人
1152	1181	1118	1139
收
214	239	1125	1149
人
284	313	1127	1148
复
706	729	1121	1147
票
1119	1143	1116	1142
核
741	767	1121	1147
款
248	276	1125	1150
服
456	488	484	509
方
1560	1588	1103	1134
售
1527	1552	1109	1137
日
1541	1563	216	245
购
1920	1942	697	720
买
1920	1941	727	750
方
1920	1943	756	781
