开
1546	1571	240	262
票
1578	1601	239	264
期
1639	1664	242	266
名
338	364	291	314
称
495	520	291	316
购
279	304	312	338
密
1280	1302	306	331
别
461	486	337	362
号
494	520	337	363
识
431	458	338	360
纳
340	364	336	360
码
1276	1303	371	394
买
278	301	362	385
地
334	364	381	404
电
449	471	382	406
址
383	411	382	405
话
492	520	384	406
方
275	301	409	434
开
333	361	427	449
账
460	487	427	452
及
428	456	428	451
行
395	425	426	452
户
364	387	426	451
号
491	518	428	453
区
1281	1301	433	455
货
301	328	474	497
物
331	359	474	497
务
493	520	477	502
务
578	603	477	503
税
428	457	477	500
名
605	631	478	502
格
801	830	480	505
规
766	796	482	504
劳
461	485	475	501
型
836	860	481	505
数
1100	1128	482	506
单
1275	1300	484	512
价
1325	1353	485	511
应
394	423	475	499
号
870	895	481	507
或
364	391	475	500
称
638	665	477	502
税
1670	1696	491	514
量
1151	1178	484	508
税
1811	1837	493	516
位
998	1025	481	505
额
1554	1579	489	513
率
1701	1727	490	517
额
1889	1912	494	517
金
1474	1502	486	511
计
548	576	823	852
合
369	398	821	849
价
338	367	883	911
大
515	541	884	911
税
375	404	884	910
计
449	476	884	913
合
410	440	883	911
写
554	578	885	912
名
307	334	951	976
称
471	499	951	977
备
1283	1311	969	995
销
245	275	963	991
纳
309	334	993	1019
别
437	464	993	1021
号
471	497	993	1022
识
404	432	994	1019
售
245	269	1015	1042
地
305	334	1035	1061
址
354	384	1036	1060
电
424	446	1036	1062
话
468	497	1038	1062
注
1285	1310	1056	1081
方
243	272	1068	1094
账
434	462	1078	1103
开
305	332	1079	1102
及
401	429	1079	1102
户
336	361	1077	1103
号
468	494	1078	1105
售
1633	1658	1121	1144
方
1672	1696	1120	1144
人
1244	1275	1128	1150
收
245	274	1130	1153
复
774	800	1130	1156
人
322	354	1131	1152
款
284	313	1130	1153
核
811	840	1129	1156
票
1209	1235	1126	1153
开
1171	1198	1129	1158
服
542	570	476	502
销
1595	1626	1121	1150
税
372	397	336	361
人
402	426	334	359
税
341	370	993	1020
人
373	399	994	1020
小
1560	1586	883	906
写
1590	1612	883	905
单
969	992	480	505
行
370	397	1079	1105
日
1610	1632	242	265
购
2002	2023	708	732
买
2003	2024	739	762
方
2003	2027	768	793
