开
1395	1420	180	203
期
1490	1515	183	207
票
1430	1454	178	204
名
227	250	254	277
称
370	395	252	276
密
1122	1144	259	284
购
173	195	275	299
别
340	363	296	321
号
369	393	296	321
识
311	336	298	320
纳
228	250	298	322
码
1118	1145	322	346
买
173	194	322	345
址
265	292	341	364
电
328	348	341	364
地
223	249	341	364
话
368	393	342	364
方
171	194	368	393
区
1121	1142	383	406
账
339	363	385	409
及
309	335	385	409
开
223	248	386	410
行
280	307	385	411
户
253	272	385	410
号
367	391	385	410
劳
340	363	431	457
务
370	392	431	456
务
450	473	432	457
物
225	249	433	456
服
415	443	433	456
税
310	336	432	456
价
1166	1193	434	459
货
198	221	433	456
名
476	502	435	457
称
509	535	435	459
单
1117	1142	433	461
格
660	687	435	459
规
628	655	436	459
型
693	716	435	459
单
821	845	435	462
量
995	1020	437	461
数
948	974	437	461
应
280	305	432	456
号
725	749	436	461
或
255	278	432	457
金
1315	1343	432	456
位
850	875	437	460
税
1514	1542	434	458
计
422	448	756	789
合
257	283	759	785
价
230	256	819	845
大
392	415	821	846
税
264	290	820	844
计
330	355	819	847
合
296	323	819	845
小
1394	1420	827	853
写
427	450	822	847
名
205	229	880	903
销
152	177	892	918
称
352	378	881	906
备
1121	1144	905	932
纳
207	229	919	943
号
351	374	920	948
别
320	344	920	947
识
291	317	921	944
售
151	172	940	966
电
309	330	960	984
话
350	375	962	985
方
149	174	988	1014
开
203	227	999	1023
账
318	344	1000	1025
及
288	313	1001	1025
号
349	373	1001	1027
行
258	285	998	1026
户
231	252	997	1024
收
158	183	1050	1075
款
192	218	1051	1076
人
225	255	1053	1075
复
632	655	1056	1084
开
1004	1030	1061	1086
人
1074	1103	1062	1086
核
668	693	1057	1084
额
1398	1427	431	458
率
1549	1571	433	460
税
1660	1692	433	460
额
1747	1773	432	460
写
1427	1454	826	855
注
1116	1145	988	1017
票
1037	1067	1058	1088
销
1417	1445	1064	1095
售
1455	1485	1064	1095
方
1492	1522	1063	1097
地
205	229	958	982
址
248	268	958	986
税
255	280	296	322
人
282	308	295	322
税
233	260	917	946
人
263	288	920	945
日
1464	1483	180	202
购
1860	1884	654	678
买
1862	1883	685	708
方
1861	1886	715	739
