日
1472	1487	180	204
开
1394	1421	182	208
期
1500	1528	178	206
票
1431	1457	178	208
密
1099	1123	275	302
名
79	104	299	325
称
241	269	291	318
别
210	236	342	371
号
244	270	342	371
识
176	205	346	370
码
1097	1126	345	371
纳
84	107	348	375
电
199	223	394	420
话
245	274	394	419
址
131	160	396	423
地
83	111	399	425
区
1103	1125	414	438
方
24	50	432	460
账
216	244	444	471
及
183	211	446	471
行
149	178	446	474
开
86	112	450	476
号
248	275	443	471
户
119	139	447	476
税
1692	1723	452	478
额
1782	1809	450	475
税
1532	1563	457	484
率
1567	1596	455	484
额
1404	1432	462	488
单
1099	1126	470	501
价
1152	1183	470	498
金
1315	1346	463	490
格
583	614	486	514
量
964	993	476	503
规
546	577	489	515
型
620	647	485	512
名
373	401	494	519
号
657	684	485	513
务
344	370	494	522
位
798	827	481	508
务
255	281	497	525
税
187	216	500	527
物
91	118	504	530
货
59	85	505	531
劳
221	247	497	526
数
909	940	477	508
称
409	437	492	518
应
155	182	501	528
或
124	152	502	530
计
340	368	863	892
合
155	186	869	897
小
1409	1435	881	907
写
1441	1465	880	906
大
314	340	927	953
价
130	160	934	961
税
168	199	932	959
计
244	272	929	958
写
352	376	926	953
合
205	236	930	958
备
1118	1147	981	1009
名
106	134	1004	1029
称
274	303	996	1022
销
45	73	1019	1046
别
243	268	1040	1068
号
277	303	1040	1067
税
143	173	1044	1071
识
209	238	1043	1068
纳
112	137	1046	1072
注
1122	1148	1070	1097
电
232	256	1084	1109
话
278	308	1083	1107
址
163	191	1086	1111
地
112	143	1088	1113
售
49	74	1071	1097
账
251	279	1125	1151
及
216	246	1127	1151
方
55	81	1123	1150
号
283	309	1123	1150
销
1440	1470	1131	1159
开
117	145	1132	1156
户
152	172	1128	1155
行
182	211	1127	1155
票
1041	1067	1146	1174
人
1077	1109	1146	1170
开
1002	1029	1149	1175
复
596	622	1165	1194
核
634	664	1163	1192
人
142	175	1186	1209
收
65	95	1187	1214
款
104	134	1185	1212
售
1482	1508	1129	1155
方
1522	1549	1127	1154
买
20	50	377	409
服
310	334	495	525
税
112	141	348	376
人
145	170	347	373
人
177	202	1046	1070
单
765	793	481	509
购
1904	1929	679	705
买
1904	1926	712	737
方
1902	1928	743	770
