开
1297	1317	365	383
票
1324	1344	363	384
期
1375	1395	367	386
名
323	340	413	431
称
445	465	412	431
密
1075	1093	423	443
购
275	292	429	448
人
369	391	450	466
别
418	438	448	469
税
345	366	449	468
号
445	463	448	469
识
394	415	449	467
纳
321	340	449	467
买
272	290	468	487
地
316	338	485	503
址
354	375	485	503
电
408	424	485	504
话
442	463	486	504
码
1072	1094	475	494
方
270	289	506	527
开
316	336	522	541
及
392	411	522	541
行
365	387	521	542
户
341	358	521	541
号
441	461	522	542
区
1075	1091	525	543
账
417	436	521	541
务
444	461	561	581
物
315	336	561	580
名
533	553	564	582
格
688	710	565	585
单
1071	1091	566	588
税
391	412	561	581
货
292	312	561	580
单
824	844	566	588
劳
416	436	560	581
规
660	683	566	584
税
1396	1418	569	589
应
365	386	561	580
号
744	763	566	586
率
1423	1444	569	590
或
341	361	561	581
量
970	990	567	587
价
1112	1134	567	588
称
560	580	564	584
型
716	734	565	585
额
1301	1322	569	588
额
1587	1608	570	589
位
847	868	567	586
数
930	950	568	587
金
1233	1255	568	588
税
1517	1540	570	589
计
482	503	837	859
合
339	361	836	857
大
455	474	887	908
税
344	366	887	907
计
401	422	887	909
价
314	336	887	908
小
1299	1319	892	911
合
372	394	886	908
写
485	504	888	908
写
1328	1346	891	912
名
290	310	939	958
称
419	440	939	959
销
241	263	950	972
备
1072	1094	957	978
人
338	362	974	991
别
390	411	973	995
税
314	336	973	993
号
417	437	973	995
识
365	386	973	993
纳
289	309	973	993
地
285	308	1006	1027
址
324	346	1006	1026
电
379	396	1006	1027
售
240	258	992	1012
话
415	437	1008	1027
方
237	258	1033	1055
注
1073	1092	1028	1048
账
386	408	1041	1062
开
285	305	1041	1061
及
359	381	1041	1061
户
310	327	1040	1062
行
333	356	1040	1063
号
413	433	1041	1063
收
244	265	1087	1107
人
303	327	1088	1106
开
975	997	1089	1109
人
1034	1058	1089	1107
复
659	678	1087	1109
款
273	295	1087	1108
销
1319	1341	1089	1111
核
688	711	1087	1108
票
1006	1026	1087	1110
售
1352	1372	1090	1110
服
481	506	564	584
方
1381	1407	1087	1114
务
510	527	560	581
日
1350	1370	364	384
购
1684	1702	749	769
买
1685	1702	775	793
方
1685	1705	799	820
