开
1441	1467	202	227
日
1516	1531	203	226
票
1476	1501	200	228
期
1542	1569	202	229
名
204	228	288	312
密
1156	1179	283	309
称
358	382	286	310
购
147	170	311	337
纳
208	231	334	359
税
237	264	334	359
号
358	382	333	359
识
297	322	334	357
码
1152	1180	351	376
买
150	171	362	386
电
317	337	380	404
址
252	280	381	404
话
358	386	381	404
地
203	233	380	405
方
147	172	410	436
区
1157	1178	417	439
及
297	325	427	450
开
203	230	427	451
行
265	294	425	452
户
235	256	426	451
号
358	385	426	451
税
1719	1748	469	494
单
1150	1177	470	500
税
1566	1595	470	495
单
833	859	471	501
务
362	387	475	501
务
445	469	475	501
名
472	497	475	499
格
665	694	474	500
额
1805	1832	469	494
数
968	997	472	497
物
202	229	476	500
货
174	199	476	500
型
699	724	474	499
税
297	326	476	500
额
1443	1470	471	496
率
1600	1628	468	497
规
630	659	476	499
价
1202	1231	471	498
号
733	758	474	500
劳
330	354	475	501
量
1021	1049	473	498
位
863	890	473	498
应
264	292	476	501
称
503	528	474	499
金
1358	1388	470	495
或
235	261	476	501
计
428	455	819	847
合
255	283	819	845
大
398	423	879	904
写
436	459	880	905
税
263	291	880	904
计
334	360	879	907
价
227	256	879	905
合
297	326	878	904
名
200	226	944	968
称
358	384	943	969
销
141	170	957	983
备
1153	1183	963	989
税
233	261	985	1010
别
326	351	984	1011
号
359	384	984	1011
识
295	321	985	1009
纳
203	227	985	1009
售
143	166	1006	1032
电
315	336	1025	1049
地
201	229	1025	1050
址
248	275	1025	1049
话
357	385	1027	1050
注
1156	1180	1047	1072
方
143	170	1057	1082
账
323	351	1066	1092
开
202	228	1067	1091
户
230	254	1066	1092
号
357	382	1066	1093
售
1507	1531	1118	1144
人
212	243	1121	1142
人
1111	1141	1121	1144
方
1547	1573	1117	1145
复
647	672	1120	1148
款
176	204	1119	1144
核
683	712	1120	1147
票
1075	1101	1119	1148
开
1038	1065	1121	1153
别
327	352	333	358
服
409	440	475	502
收
139	167	1117	1144
写
1471	1494	874	902
小
1435	1465	876	901
销
1465	1496	1118	1148
账
328	354	426	452
人
268	290	334	356
人
265	288	986	1009
行
263	285	1066	1091
及
297	318	1067	1091
购
1920	1944	694	719
买
1919	1942	727	751
方
1919	1944	757	782
