开
1472	1498	203	226
票
1505	1529	202	227
期
1568	1593	204	228
名
291	315	244	266
称
442	467	245	268
密
1206	1228	271	295
税
319	345	286	310
别
408	433	287	313
号
440	465	289	314
识
378	404	288	310
纳
291	313	287	310
地
286	312	330	354
址
330	357	331	353
电
396	415	331	355
买
230	255	312	342
话
437	464	334	356
码
1202	1229	333	356
开
284	309	376	399
及
374	401	376	399
账
405	431	376	401
行
342	371	374	401
户
313	335	374	399
号
436	461	377	402
区
1206	1225	393	414
货
255	279	423	448
物
282	309	424	448
务
437	462	425	451
务
519	543	427	452
名
545	571	428	451
税
374	401	425	449
劳
405	430	424	450
格
735	764	431	456
应
343	369	424	448
型
770	793	433	456
单
900	925	434	462
规
703	730	432	455
或
314	339	424	449
号
803	827	434	459
称
578	604	429	453
单
1199	1224	442	470
位
928	954	437	460
量
1078	1104	441	464
税
1595	1622	450	474
价
1248	1276	444	469
额
1477	1503	448	472
率
1627	1654	449	476
税
1742	1770	452	476
额
1825	1849	453	477
金
1397	1425	445	469
数
1028	1055	438	467
计
482	509	762	790
合
306	336	759	786
价
276	305	820	847
大
449	475	822	847
税
312	340	821	846
计
385	411	820	849
合
347	377	820	846
写
487	511	823	849
小
1476	1500	835	859
写
1507	1529	836	860
名
244	270	886	910
销
185	214	897	925
称
405	433	887	913
备
1199	1227	914	941
纳
245	270	927	953
人
305	335	929	951
别
369	397	928	955
税
275	303	927	953
号
403	429	928	956
识
338	365	928	953
售
183	207	948	974
地
240	269	968	994
址
289	316	969	993
电
356	378	969	995
话
400	429	971	995
方
183	208	999	1026
开
240	267	1011	1036
账
368	395	1011	1037
及
334	363	1011	1036
注
1201	1225	1000	1026
户
272	294	1009	1036
行
302	331	1010	1038
号
400	426	1011	1038
收
186	215	1063	1086
人
260	291	1066	1086
开
1084	1110	1072	1094
人
1156	1186	1073	1093
复
697	722	1067	1093
款
223	252	1064	1086
销
1505	1533	1078	1103
核
733	763	1067	1093
票
1121	1146	1071	1095
方
230	254	359	383
售
1545	1569	1079	1103
服
483	511	424	451
方
1586	1608	1074	1104
日
1537	1561	200	228
人
349	371	285	308
购
1940	1962	668	693
买
1940	1961	700	723
方
1939	1963	729	754
