开
1469	1494	216	239
票
1502	1525	216	241
期
1563	1589	217	242
密
1198	1219	293	318
名
332	353	304	325
称
466	486	298	320
购
280	302	325	347
纳
331	351	344	365
税
356	379	343	365
人
380	406	344	362
别
436	458	341	365
识
409	432	343	363
号
464	487	341	366
码
1193	1220	356	380
电
423	442	382	404
址
365	388	383	404
买
278	297	369	390
地
326	348	385	406
方
274	296	412	434
区
1197	1217	418	439
账
430	452	424	447
及
401	426	424	446
行
374	399	423	448
开
323	345	426	448
户
348	367	424	448
号
456	478	423	446
税
1749	1778	462	487
务
529	552	466	490
名
554	579	467	489
劳
430	451	468	492
务
458	478	468	492
数
1019	1046	468	492
额
1837	1864	461	485
税
1591	1620	466	491
税
401	425	470	492
服
499	524	468	490
单
894	918	468	496
单
1191	1215	468	496
物
318	343	471	492
格
738	764	470	494
货
294	316	470	492
型
770	793	470	493
率
1625	1653	464	492
额
1473	1499	468	492
规
706	733	471	493
价
1240	1268	468	494
号
802	825	471	495
量
1069	1095	470	493
应
372	396	469	492
称
586	611	467	490
位
921	946	469	493
金
1391	1420	466	490
或
347	369	470	493
计
501	525	790	817
合
341	367	787	812
税
338	362	842	865
大
462	486	844	867
价
305	332	842	866
计
405	429	843	868
合
370	397	842	866
写
499	523	846	868
小
1471	1495	859	883
写
1502	1524	860	885
名
268	292	902	926
销
214	241	914	939
称
415	442	903	928
备
1190	1219	936	963
纳
264	288	941	965
别
379	405	942	969
号
411	435	943	969
识
351	375	943	966
售
206	229	962	986
地
255	281	980	1005
址
299	326	981	1005
电
365	383	982	1006
话
405	431	984	1008
方
195	223	1011	1037
开
251	275	1022	1047
及
337	364	1023	1048
账
367	394	1023	1049
行
308	336	1021	1049
户
278	301	1021	1047
号
400	424	1024	1050
注
1192	1217	1022	1048
人
261	290	1076	1097
款
227	254	1074	1098
复
682	706	1083	1111
开
1073	1100	1095	1121
人
1145	1176	1097	1120
核
718	746	1084	1111
销
1502	1530	1106	1135
票
1110	1136	1094	1122
方
1585	1610	1108	1136
话
458	484	381	406
收
192	221	1071	1100
售
1542	1572	1106	1139
税
294	319	940	967
人
322	347	941	966
日
1535	1555	219	242
购
1961	1987	684	711
买
1962	1988	718	742
方
1962	1991	748	774
