开
1530	1556	203	226
票
1565	1589	201	228
期
1630	1656	203	229
名
278	305	265	288
称
440	467	265	290
密
1248	1270	279	305
购
220	243	285	310
别
407	432	312	338
税
312	340	311	337
号
440	466	312	339
识
375	403	312	336
纳
282	306	311	337
买
218	241	336	361
地
277	306	359	383
址
326	354	359	382
电
394	416	359	384
话
438	466	361	384
码
1244	1271	345	370
方
217	242	385	412
账
407	434	406	431
开
278	305	407	432
及
375	401	407	431
区
1248	1268	410	432
户
310	333	405	432
行
342	371	406	433
号
439	464	407	433
货
248	274	457	482
物
278	306	457	481
务
443	467	457	483
务
528	552	457	484
名
556	582	458	483
格
756	784	459	485
单
928	954	460	489
型
791	815	460	485
单
1242	1268	461	491
数
1062	1088	462	487
税
375	403	457	482
劳
408	434	456	483
规
721	750	461	484
税
1805	1833	467	490
应
343	370	457	482
号
826	851	461	487
税
1657	1684	465	489
额
1535	1561	464	489
率
1690	1717	463	491
称
590	617	458	484
量
1113	1140	463	488
额
1889	1914	467	491
价
1294	1322	463	489
或
313	339	457	483
位
958	984	462	486
金
1448	1477	462	488
计
503	529	809	837
合
324	352	808	835
大
471	495	873	899
税
331	360	873	898
计
405	431	872	901
小
1532	1556	874	897
价
295	322	872	899
合
367	396	871	898
写
1566	1588	873	899
写
508	532	874	900
名
266	293	938	962
称
429	456	937	963
备
1246	1274	957	983
销
204	233	952	979
别
396	421	979	1007
税
300	328	980	1005
号
429	455	980	1008
识
364	391	980	1004
纳
269	293	979	1005
址
315	342	1022	1046
电
383	404	1022	1047
售
205	228	1003	1030
地
265	294	1022	1047
话
427	456	1024	1047
注
1249	1273	1045	1070
方
204	231	1056	1083
及
361	387	1065	1090
开
265	293	1066	1090
账
394	421	1065	1090
行
328	357	1063	1092
户
298	320	1064	1091
号
427	453	1065	1092
开
1130	1156	1121	1147
人
1202	1232	1121	1144
收
216	244	1122	1148
人
293	322	1123	1145
方
1634	1659	1117	1144
复
734	759	1121	1149
款
253	283	1121	1148
核
771	798	1121	1148
票
1167	1192	1119	1147
服
490	523	458	484
销
1556	1584	1116	1144
售
1596	1621	1116	1143
人
344	369	311	337
人
331	359	981	1004
日
1596	1622	203	230
购
2002	2023	692	717
买
2002	2023	724	748
方
2002	2026	754	779
