开
1430	1455	173	196
期
1522	1550	173	197
票
1463	1486	172	197
密
1161	1183	254	278
称
434	455	271	294
名
298	320	280	300
购
248	270	301	323
号
433	452	314	337
码
1158	1185	316	339
纳
297	318	319	340
别
404	427	314	338
识
377	400	316	337
电
392	411	356	378
话
429	453	356	376
址
332	356	357	379
买
245	264	345	366
地
292	317	360	381
区
1163	1183	377	399
方
241	264	388	410
账
399	421	397	420
及
370	395	398	419
行
341	368	398	422
开
290	313	402	422
号
425	448	396	419
户
316	335	399	423
税
1709	1738	417	441
税
1556	1585	420	445
额
1792	1816	418	442
率
1590	1618	418	445
单
1157	1183	427	454
额
1440	1465	422	447
数
987	1014	431	454
单
863	887	433	460
价
1207	1235	427	452
称
556	581	438	461
格
708	735	438	462
务
500	523	438	462
规
676	704	440	462
服
468	494	440	463
务
427	449	441	465
型
740	763	437	460
量
1036	1063	430	454
金
1357	1386	422	447
应
341	365	444	467
税
370	394	444	466
号
772	795	437	462
物
286	311	446	468
位
890	916	434	457
货
261	284	446	468
劳
398	421	442	466
或
315	338	445	468
计
471	497	764	791
合
308	335	764	790
写
1479	1501	815	840
大
434	459	820	845
写
471	495	821	845
价
274	302	822	847
税
307	333	822	846
小
1448	1473	815	839
计
375	400	820	847
合
340	367	820	846
称
390	416	884	909
销
192	218	897	924
备
1167	1195	899	926
名
240	268	885	913
纳
244	266	925	950
别
357	382	924	951
号
388	412	925	952
识
328	353	926	949
售
190	211	946	971
地
239	265	965	990
电
344	364	965	990
址
282	308	966	989
话
384	410	967	991
注
1170	1195	987	1013
方
186	211	996	1022
账
352	378	1007	1033
开
237	262	1007	1032
及
323	348	1007	1032
户
266	286	1006	1032
行
293	321	1006	1034
号
383	407	1007	1035
收
187	212	1059	1085
人
254	281	1062	1084
开
1052	1079	1062	1088
人
1124	1155	1063	1086
复
666	691	1061	1090
销
1478	1507	1065	1093
款
220	246	1060	1085
核
702	730	1061	1090
票
1088	1115	1060	1089
售
1519	1546	1064	1094
方
1555	1584	1062	1094
税
324	347	317	340
人
349	373	317	337
名
525	549	438	460
税
269	298	924	952
人
300	325	926	950
日
1495	1516	172	196
购
1911	1931	636	661
买
1913	1933	668	691
方
1916	1938	698	723
