期
1581	1606	165	190
开
1481	1507	165	189
票
1516	1540	163	190
名
255	281	240	263
称
415	441	238	264
密
1205	1233	243	269
购
197	221	264	290
人
317	348	287	308
别
383	407	285	311
税
288	316	285	311
号
415	441	285	312
识
350	378	286	309
纳
258	282	285	309
码
1202	1229	310	334
买
197	220	311	335
地
256	284	331	356
址
303	331	331	355
电
371	392	332	356
话
415	442	334	356
方
195	226	357	383
区
1206	1227	374	396
及
352	379	379	403
开
257	283	379	404
行
319	348	377	405
户
289	310	378	404
号
416	441	378	405
账
384	411	378	403
价
1251	1279	427	453
单
1200	1225	427	455
名
551	577	429	453
物
237	266	430	454
单
894	920	428	457
格
725	755	429	454
服
482	512	431	455
规
691	720	430	454
货
204	231	430	455
率
1639	1666	423	451
数
1025	1052	429	454
额
1839	1864	424	448
税
343	372	429	454
劳
380	405	429	455
号
794	819	430	455
额
1486	1512	426	450
量
1075	1102	430	454
应
308	335	429	455
务
416	441	429	455
务
520	545	429	455
税
1606	1634	425	449
税
1755	1783	424	448
型
760	785	429	454
位
923	951	430	454
金
1403	1431	425	450
称
587	614	430	454
或
274	303	429	456
计
485	512	772	800
合
309	339	773	800
写
1523	1545	826	852
大
455	481	834	860
小
1488	1513	826	850
写
493	516	834	860
计
390	416	834	862
价
280	311	835	863
合
353	381	834	861
税
317	346	837	861
名
254	280	900	924
称
414	441	898	923
销
197	224	923	949
纳
258	282	941	965
税
287	317	941	966
别
382	406	939	967
号
413	440	939	966
识
349	378	941	964
电
369	392	981	1005
话
412	442	982	1005
方
198	225	1004	1031
及
352	377	1023	1047
户
288	310	1022	1048
号
414	440	1022	1048
账
382	410	1022	1048
行
319	348	1022	1050
销
1474	1501	1065	1091
复
714	739	1069	1096
核
750	780	1068	1095
款
249	278	1077	1102
方
1552	1579	1059	1097
售
199	223	963	990
收
213	240	1077	1104
人
285	316	1079	1103
地
257	286	982	1009
址
303	332	980	1008
开
258	284	1024	1050
备
1207	1236	909	938
注
1207	1235	996	1022
开
1096	1120	1065	1092
票
1131	1158	1063	1093
人
1168	1197	1068	1090
售
1512	1540	1063	1092
人
320	345	937	964
日
1550	1572	163	189
购
1949	1971	642	667
买
1950	1972	674	697
方
1949	1974	704	728
