票
1509	1532	272	297
开
1478	1502	274	297
期
1568	1593	274	299
名
324	349	323	347
称
477	502	325	349
密
1220	1242	344	369
税
355	382	367	392
别
446	469	369	394
号
477	501	370	395
纳
327	349	367	392
码
1216	1242	405	428
地
323	351	412	436
址
370	397	412	435
电
435	455	413	436
话
476	503	415	437
开
325	350	457	481
及
416	442	458	481
账
447	473	458	482
行
384	412	456	482
户
355	376	456	481
区
1219	1239	464	485
号
477	502	458	483
货
297	322	505	529
劳
449	473	505	531
物
327	353	505	529
务
481	505	506	531
务
561	586	507	532
税
418	445	506	529
名
588	613	508	531
规
741	768	511	533
格
773	800	509	534
单
930	954	511	537
型
806	829	510	533
量
1098	1123	514	537
价
1260	1286	514	537
率
1618	1643	514	539
单
1214	1237	512	539
税
1725	1750	515	538
应
387	413	505	529
税
1588	1614	515	538
号
838	861	511	535
额
1478	1501	514	537
称
620	645	508	532
或
359	384	505	531
位
958	982	512	535
额
1800	1824	516	539
金
1401	1428	513	536
数
1052	1077	513	540
计
540	567	831	858
合
372	401	833	858
写
1498	1519	877	900
大
512	536	889	913
写
548	570	889	913
价
345	373	891	916
税
381	408	891	915
计
449	475	889	916
合
414	442	889	915
称
473	499	950	975
名
320	345	954	977
备
1218	1243	956	980
销
263	290	966	991
纳
323	347	992	1015
别
442	467	989	1015
号
473	499	990	1015
识
412	439	991	1013
电
431	453	1029	1052
址
367	394	1030	1053
话
473	500	1030	1051
售
264	287	1013	1037
地
321	350	1031	1054
注
1219	1242	1034	1058
方
266	291	1061	1086
账
445	471	1067	1090
及
413	441	1068	1090
开
322	349	1070	1093
行
382	410	1068	1093
户
353	374	1068	1093
号
474	499	1066	1091
销
1493	1518	1096	1117
人
1181	1208	1102	1121
开
1114	1138	1103	1124
核
791	817	1109	1133
售
1528	1551	1095	1116
复
757	781	1110	1134
票
1149	1172	1100	1123
收
276	303	1120	1141
人
348	377	1120	1138
款
312	340	1119	1140
买
271	290	389	417
方
266	292	437	467
服
529	553	505	533
方
1566	1582	1090	1116
小
1469	1490	876	898
日
1541	1563	273	298
识
415	443	369	392
人
385	408	365	391
税
352	382	989	1017
人
384	407	990	1016
购
1897	1919	717	739
买
1895	1915	745	766
方
1893	1916	772	794
