期
1564	1592	219	245
开
1459	1488	220	244
日
1536	1552	221	243
票
1496	1522	218	245
名
206	232	309	333
称
361	387	306	331
密
1173	1197	304	330
购
148	171	336	362
号
360	384	353	380
别
329	353	353	380
码
1169	1198	372	397
纳
209	233	356	381
买
146	169	384	408
话
358	386	402	425
址
252	280	403	426
电
316	338	401	426
地
205	235	404	428
方
146	171	430	456
区
1173	1196	439	462
账
329	355	449	474
及
297	324	449	474
行
265	294	449	475
户
238	259	450	475
号
359	384	448	475
开
206	232	452	475
金
1382	1413	490	517
税
1598	1628	490	517
税
1755	1784	490	516
价
1220	1250	494	521
单
1166	1195	494	523
务
462	485	498	525
格
669	700	498	524
名
489	515	499	523
型
706	732	499	524
单
845	872	496	526
额
1472	1499	491	516
称
523	551	497	523
务
360	383	500	526
率
1633	1662	489	518
应
257	282	501	526
物
187	214	503	527
货
153	180	503	527
额
1843	1871	490	515
位
876	904	498	524
号
741	768	499	526
量
1036	1064	497	524
劳
324	350	500	527
数
982	1011	497	523
服
422	451	500	525
规
633	664	500	524
或
222	250	502	528
税
290	318	502	526
计
420	446	857	885
合
247	276	856	882
写
1511	1535	916	943
价
218	247	918	945
大
389	414	919	946
写
426	450	920	946
小
1478	1504	916	943
计
326	353	918	945
合
289	318	917	945
税
254	284	918	945
名
189	217	986	1010
称
348	375	986	1012
销
131	158	1010	1036
纳
191	217	1028	1053
税
223	246	1028	1052
号
349	375	1028	1056
别
316	342	1028	1056
识
285	311	1028	1053
售
131	154	1051	1078
电
304	326	1071	1097
话
347	375	1073	1097
址
236	265	1070	1095
地
188	218	1071	1096
方
130	156	1095	1122
注
1178	1205	1100	1128
开
188	215	1113	1139
及
284	311	1113	1139
行
251	280	1113	1141
户
220	242	1112	1140
号
349	374	1113	1141
账
317	343	1113	1140
收
140	167	1170	1195
款
176	207	1170	1196
人
214	245	1172	1194
核
677	705	1174	1201
开
1054	1082	1178	1205
人
1129	1162	1179	1202
复
641	666	1174	1202
方
1551	1579	1175	1203
售
1509	1535	1175	1203
票
1093	1121	1176	1205
人
270	296	357	381
人
256	282	1030	1054
识
297	329	353	381
税
236	266	354	381
备
1174	1207	1006	1037
销
1464	1501	1173	1206
购
1971	1997	724	751
买
1972	1997	758	784
方
1972	2001	790	818
