期
1417	1440	237	258
开
1335	1354	240	260
票
1362	1382	237	260
名
310	331	314	334
密
1105	1124	306	328
称
441	463	310	332
购
261	281	335	357
税
337	360	353	374
人
362	386	353	371
纳
313	332	353	373
别
415	435	351	372
号
442	463	350	372
识
389	411	352	371
码
1103	1126	361	381
买
263	281	375	396
电
406	424	390	410
址
351	374	391	411
话
442	465	391	410
地
311	335	392	412
区
1108	1124	415	434
方
263	284	414	436
账
418	440	429	450
及
391	413	430	449
开
313	335	432	453
行
365	388	430	452
户
340	356	430	453
号
444	465	428	450
税
1440	1463	455	476
税
1568	1589	453	474
额
1638	1659	453	473
价
1146	1168	460	481
率
1469	1491	453	477
单
1103	1124	460	484
数
957	979	463	484
额
1338	1359	458	478
单
846	867	464	488
金
1271	1294	457	478
格
706	729	467	488
规
676	701	469	488
务
532	551	469	491
名
556	578	469	489
型
735	754	467	488
量
999	1020	463	484
劳
415	435	471	493
务
444	465	471	493
服
500	524	471	491
税
386	408	472	493
号
763	783	467	488
物
300	321	475	495
货
272	293	475	496
位
871	893	465	486
称
588	609	469	490
应
356	378	473	494
或
330	351	474	495
计
510	531	757	780
合
365	388	760	782
小
1338	1357	789	809
写
1366	1384	789	809
大
488	508	809	830
价
346	367	812	834
计
434	455	810	833
税
374	398	812	832
写
518	536	809	829
合
404	426	810	832
名
327	347	864	884
备
1113	1135	864	885
称
456	478	862	883
销
279	300	885	905
纳
332	351	897	917
人
381	404	898	915
别
432	451	896	917
税
356	379	897	917
号
458	478	895	917
识
406	428	897	916
售
281	300	917	938
电
424	441	929	949
址
370	392	930	949
地
331	357	931	952
话
459	481	930	949
注
1116	1135	936	956
方
283	303	951	972
账
437	457	962	982
及
411	432	963	982
开
333	354	965	985
行
384	407	962	984
户
360	375	962	984
号
461	481	962	983
销
1326	1347	983	1003
方
1389	1410	983	1004
开
1020	1041	996	1016
售
1357	1376	982	1002
人
1079	1103	997	1015
复
708	728	999	1020
款
327	351	1008	1029
人
359	382	1009	1026
核
737	758	997	1018
收
297	319	1009	1029
票
1050	1071	995	1017
日
1392	1412	237	260
购
1727	1743	635	656
买
1727	1743	661	681
方
1727	1746	686	707
