开
1454	1480	226	249
期
1545	1571	229	253
票
1488	1512	224	249
名
255	280	288	312
称
408	436	287	312
购
197	223	309	334
密
1182	1205	302	326
别
377	403	333	359
号
409	434	333	359
识
345	374	334	357
码
1179	1207	365	389
买
197	222	358	382
地
253	282	379	403
电
366	389	379	403
址
300	329	379	402
话
408	436	381	404
方
195	223	406	432
账
378	406	425	450
行
315	346	425	451
户
285	308	424	450
区
1183	1205	428	449
号
408	435	425	451
务
412	437	474	499
务
495	521	474	500
服
460	492	476	499
名
523	551	477	500
价
1229	1257	478	503
规
680	711	479	502
税
1711	1738	479	504
型
748	773	478	502
单
879	905	478	506
单
1179	1205	477	505
劳
380	406	473	500
额
1459	1485	477	502
应
317	344	474	499
格
714	743	478	502
号
781	807	479	504
率
1601	1629	478	505
称
557	585	477	501
量
1055	1081	480	505
或
288	316	474	500
税
348	377	474	499
位
908	935	480	504
数
1008	1034	480	504
金
1376	1405	477	501
额
1791	1817	480	504
税
1570	1597	479	503
合
299	329	813	838
写
1490	1513	870	895
写
480	505	874	899
小
1455	1481	870	893
合
343	373	872	899
税
307	338	875	900
名
245	274	937	960
备
1182	1212	950	975
号
402	430	976	1003
注
1185	1210	1034	1058
号
401	430	1057	1084
销
1477	1507	1104	1129
开
1072	1099	1106	1130
人
1141	1171	1106	1128
复
697	723	1108	1135
核
733	760	1107	1134
票
1107	1134	1104	1131
及
343	377	424	451
人
314	345	333	359
纳
253	283	332	359
税
288	313	330	357
开
252	283	423	450
货
226	252	471	499
物
255	286	471	501
售
1517	1546	1103	1131
方
1550	1578	1100	1133
称
398	434	931	965
计
470	505	807	841
价
266	306	870	903
计
376	408	872	903
大
442	469	872	902
销
187	218	948	978
售
189	214	996	1026
方
187	216	1047	1076
纳
247	273	974	1002
税
279	308	974	1004
人
309	338	974	1003
识
339	370	973	1004
别
372	401	972	1007
地
243	279	1013	1046
址
291	321	1015	1045
电
355	386	1016	1044
话
400	429	1016	1043
开
246	273	1057	1089
户
278	303	1055	1088
行
306	335	1055	1085
及
339	367	1055	1085
账
369	399	1054	1088
收
198	232	1109	1139
款
236	267	1108	1142
人
272	307	1111	1139
日
1518	1541	224	251
购
1897	1919	694	718
买
1898	1918	725	747
方
1898	1922	754	778
