开
1494	1519	240	264
票
1528	1553	238	265
期
1594	1620	241	266
名
236	260	307	330
称
396	423	306	331
密
1210	1232	318	343
购
175	198	327	353
别
364	388	354	380
号
396	422	354	380
识
332	359	354	378
纳
237	262	354	378
税
268	297	354	379
码
1206	1233	385	409
买
174	197	379	404
电
351	373	402	426
址
283	311	402	425
地
233	262	402	426
话
395	423	404	426
方
172	199	429	456
及
333	359	450	474
开
234	262	451	475
行
299	328	449	476
区
1210	1230	450	472
户
268	289	449	475
号
396	422	450	476
账
365	391	449	475
务
487	511	500	527
务
401	424	500	527
物
236	264	501	525
名
515	541	501	525
货
204	232	500	526
格
715	744	501	527
单
889	915	501	531
单
1205	1230	502	531
税
1618	1645	503	528
税
1769	1796	504	528
型
751	776	502	527
数
1023	1050	503	528
规
680	709	503	526
号
786	811	503	528
额
1498	1522	504	528
额
1854	1878	505	529
劳
366	391	500	526
率
1652	1678	502	530
价
1257	1284	503	529
量
1075	1102	504	529
称
549	576	501	526
位
919	946	503	528
或
270	297	500	527
金
1411	1439	502	527
应
302	328	500	525
税
333	362	501	525
计
464	491	853	881
合
286	314	853	880
大
435	459	917	942
小
1491	1515	912	935
税
295	323	917	942
计
369	395	916	944
价
258	286	917	943
写
1526	1547	911	936
合
331	358	916	942
写
472	494	917	943
名
232	257	982	1005
备
1207	1235	995	1021
称
394	420	981	1006
销
170	199	997	1023
别
361	386	1022	1049
号
394	419	1023	1049
识
329	356	1024	1047
税
266	294	1023	1048
纳
235	258	1023	1048
址
281	308	1065	1089
售
171	195	1047	1073
地
231	261	1065	1090
话
393	420	1066	1089
电
349	370	1065	1089
注
1209	1233	1082	1108
方
172	197	1099	1126
及
328	354	1107	1131
开
233	260	1108	1133
行
295	323	1106	1133
户
267	287	1106	1132
号
393	419	1106	1133
账
362	387	1106	1132
人
1164	1193	1158	1179
方
1591	1616	1152	1178
开
1091	1117	1158	1183
收
184	212	1164	1189
人
261	290	1165	1187
复
700	723	1161	1188
款
222	251	1164	1189
核
735	763	1160	1187
票
1129	1153	1156	1183
服
449	482	501	526
售
1554	1580	1151	1180
销
1515	1541	1148	1182
日
1563	1585	237	266
人
302	325	355	379
人
300	322	1024	1049
购
1962	1984	729	754
买
1962	1983	761	785
方
1962	1986	792	816
