开
1499	1523	231	254
期
1596	1622	232	256
票
1532	1556	229	255
名
270	295	287	310
称
428	453	288	312
购
211	234	306	332
密
1220	1243	305	330
税
302	330	333	358
别
396	420	334	360
号
427	453	334	360
识
364	391	334	357
纳
272	296	333	357
码
1217	1244	370	394
买
210	232	356	381
地
267	296	380	403
址
316	344	380	403
电
383	404	380	404
话
426	453	382	405
方
208	234	406	432
及
364	390	427	451
账
396	421	427	451
开
269	296	428	451
行
333	360	426	453
户
301	322	426	452
号
426	451	427	453
区
1220	1240	434	456
物
269	297	477	500
务
430	453	477	502
货
240	266	476	500
务
515	538	478	504
名
542	567	479	502
服
479	502	479	502
规
703	731	482	505
格
738	765	480	505
单
906	932	482	511
型
772	796	481	506
单
1215	1240	484	513
价
1265	1293	485	512
数
1038	1064	484	508
劳
397	421	476	502
号
807	831	482	508
税
1766	1792	491	515
称
576	601	479	503
或
304	329	476	502
税
364	392	477	501
额
1500	1525	488	512
税
1619	1645	489	513
量
1088	1114	485	510
应
333	360	477	501
率
1652	1678	488	514
位
936	962	484	508
额
1847	1871	491	515
金
1415	1443	486	511
计
490	516	822	850
合
315	343	821	847
大
460	484	884	909
税
325	351	884	908
计
396	421	883	910
价
288	316	883	909
小
1492	1516	887	911
合
358	386	883	908
写
496	519	885	910
写
1526	1548	887	912
名
261	286	947	970
称
419	446	947	972
销
200	228	961	986
备
1215	1242	967	993
别
387	412	988	1014
号
419	444	988	1014
识
355	382	989	1011
纳
263	287	988	1012
税
294	320	988	1012
址
308	335	1028	1052
电
375	396	1028	1053
售
201	224	1011	1035
话
418	445	1031	1053
地
259	288	1028	1053
注
1216	1240	1052	1077
方
201	226	1061	1088
开
261	286	1070	1094
及
353	380	1070	1095
户
292	313	1069	1095
行
320	350	1068	1096
号
418	443	1070	1096
账
386	412	1070	1096
收
212	239	1125	1150
开
1100	1126	1126	1150
人
1171	1200	1126	1147
方
1590	1615	1123	1149
复
717	740	1125	1152
人
287	317	1127	1148
款
250	278	1125	1150
核
752	779	1125	1151
票
1137	1161	1124	1151
销
1514	1541	1122	1152
售
1552	1578	1122	1152
日
1563	1589	230	258
人
336	355	336	358
人
325	351	989	1015
购
1953	1974	712	736
买
1952	1973	743	766
方
1952	1975	772	797
