开
1423	1446	280	300
票
1453	1476	278	301
期
1512	1536	280	302
名
336	358	315	335
称
477	500	318	340
购
285	305	335	358
密
1176	1196	341	363
人
389	415	358	376
号
476	498	359	382
别
447	469	358	381
纳
337	358	355	377
识
418	442	357	378
税
364	388	356	377
买
283	303	377	399
址
375	399	397	417
电
435	454	399	420
话
473	498	402	422
地
333	358	396	417
码
1172	1196	398	419
方
282	304	418	440
开
333	355	439	460
及
416	440	440	461
账
445	469	440	462
行
387	412	438	461
户
360	379	437	460
号
473	495	441	464
区
1174	1193	454	473
物
314	338	482	504
货
287	309	482	504
税
406	431	484	506
务
471	492	485	508
务
561	582	486	509
名
587	610	487	508
规
711	736	490	510
格
741	767	489	511
劳
438	460	484	508
型
773	794	490	512
单
893	916	493	519
或
346	369	482	505
号
804	826	491	514
称
619	642	487	509
数
1012	1035	497	519
应
374	398	483	505
单
1168	1191	501	526
位
920	943	496	517
量
1057	1081	500	521
价
1214	1239	503	525
额
1426	1449	506	528
税
1536	1560	508	530
率
1566	1591	507	532
税
1674	1699	511	532
额
1753	1776	512	534
金
1350	1376	504	526
合
353	379	789	812
大
482	504	847	870
税
357	381	846	869
价
324	350	845	868
合
388	414	845	869
写
515	536	849	871
计
422	446	846	875
小
1420	1442	868	890
写
1452	1472	869	891
名
295	319	902	924
称
442	466	904	927
销
240	265	922	947
备
1164	1189	935	959
纳
296	319	940	962
税
325	349	940	963
人
351	378	942	962
别
410	435	940	966
号
441	464	942	966
识
381	406	941	963
售
239	259	959	983
地
292	319	977	1000
址
337	362	977	999
电
399	418	978	1001
话
439	464	981	1001
方
236	261	997	1022
开
292	317	1015	1038
账
409	433	1016	1040
及
379	403	1017	1039
户
321	341	1014	1038
行
349	375	1015	1040
注
1164	1186	1013	1035
号
438	461	1016	1041
款
277	302	1064	1085
人
310	337	1067	1084
复
707	729	1068	1091
开
1058	1082	1076	1097
人
1122	1149	1078	1098
核
740	766	1068	1091
票
1091	1113	1075	1100
售
1441	1463	1085	1109
计
511	534	788	817
收
244	267	1063	1085
销
1400	1431	1082	1110
服
527	552	487	509
日
1486	1505	280	300
方
1475	1502	1085	1114
购
1856	1875	713	736
买
1856	1874	742	763
方
1855	1877	770	792
