开
1458	1484	202	226
期
1557	1584	201	227
票
1492	1517	200	226
名
247	274	268	291
称
406	431	272	296
密
1181	1204	277	302
购
186	211	288	313
别
372	398	316	341
号
404	430	317	341
识
343	369	317	339
买
186	211	337	362
码
1177	1205	341	365
地
245	274	359	382
址
293	322	359	382
电
360	380	360	383
话
402	429	363	384
方
185	211	385	411
开
245	272	405	428
账
370	398	405	430
及
339	366	406	429
行
306	336	404	430
区
1182	1202	404	426
户
276	298	403	429
号
402	428	406	432
务
404	428	454	480
货
217	243	453	478
物
246	273	454	478
税
341	367	455	479
务
486	510	455	481
名
511	537	456	479
单
1175	1201	455	484
单
868	893	455	484
规
670	698	458	481
格
703	732	456	482
数
999	1026	457	481
型
737	762	457	481
税
1584	1612	459	483
税
1735	1763	460	484
劳
372	397	454	480
应
309	336	454	479
号
771	796	457	483
价
1227	1255	457	483
额
1462	1489	459	483
率
1617	1645	457	486
量
1050	1077	457	482
额
1819	1845	461	485
称
543	570	455	479
位
897	924	457	481
或
279	307	454	480
金
1379	1408	457	482
计
448	475	795	824
合
274	303	794	821
大
414	440	857	883
税
278	306	856	882
计
349	376	856	885
价
243	272	855	883
小
1466	1491	861	885
合
313	342	855	882
写
453	478	858	884
写
1498	1521	861	887
名
213	238	922	947
称
371	398	923	950
销
156	184	934	961
备
1179	1208	946	973
纳
214	238	964	989
税
244	271	964	990
别
336	362	965	993
号
370	395	966	993
识
305	332	966	990
售
154	177	985	1011
地
210	239	1005	1030
址
258	285	1006	1030
电
324	346	1007	1032
话
368	395	1009	1033
方
146	177	1036	1062
注
1182	1208	1035	1060
人
211	242	1102	1120
开
1061	1090	1108	1135
人
1137	1168	1109	1132
复
658	683	1104	1132
核
695	726	1105	1133
方
1588	1615	1116	1144
票
1100	1127	1107	1136
服
454	478	454	481
收
138	165	1094	1120
销
1505	1539	1111	1145
售
1545	1578	1112	1144
纳
249	274	313	337
税
281	308	313	340
人
311	337	316	342
日
1525	1549	202	227
开
205	229	1047	1072
户
235	261	1047	1072
行
266	294	1046	1074
及
302	324	1047	1074
账
330	357	1048	1076
号
363	388	1047	1074
款
173	204	1095	1123
人
275	298	965	990
购
1945	1967	682	708
买
1947	1969	715	740
方
1948	1972	746	772
