日
1511	1525	208	228
开
1438	1463	209	231
期
1537	1563	205	229
票
1472	1496	206	231
名
264	286	301	323
密
1168	1190	290	315
称
407	431	295	318
购
212	232	322	346
人
322	347	344	365
税
294	319	344	367
别
379	400	340	366
号
408	431	340	365
识
350	374	343	365
纳
268	288	345	368
码
1166	1192	354	377
电
368	387	386	408
买
212	233	370	393
话
407	433	386	408
址
308	333	387	410
地
264	290	390	412
区
1170	1190	416	437
方
212	235	417	440
及
352	376	432	454
账
382	405	430	454
开
266	290	434	457
户
295	314	432	457
号
409	432	429	454
行
323	348	432	457
税
1708	1735	456	479
税
1562	1589	458	482
额
1792	1816	455	478
率
1595	1621	456	483
单
1166	1190	465	493
额
1446	1471	461	484
单
867	891	470	498
数
994	1020	469	493
格
705	732	473	498
务
494	515	475	500
名
519	543	476	498
务
413	435	476	501
价
1215	1242	465	490
型
738	761	473	497
量
1043	1068	469	493
规
673	699	475	498
金
1362	1389	461	486
税
354	379	478	502
物
266	291	481	503
号
771	794	473	498
货
240	262	481	504
劳
383	405	476	502
位
895	920	472	495
称
550	575	475	499
应
324	348	478	502
或
297	320	479	504
计
478	503	804	830
合
313	339	806	830
小
1443	1466	850	872
大
451	473	863	887
写
1477	1498	849	873
税
322	347	865	889
计
389	413	864	890
价
289	314	865	890
写
485	506	864	887
合
354	380	864	889
名
265	288	926	949
备
1174	1200	931	955
称
412	437	924	947
销
210	235	940	964
税
294	320	965	988
人
323	349	966	985
别
383	406	963	988
号
414	437	963	988
识
353	379	965	986
纳
266	288	965	988
售
210	231	988	1011
电
373	393	1002	1024
址
310	335	1003	1025
地
265	291	1004	1026
话
414	439	1003	1024
注
1176	1199	1012	1035
方
209	235	1035	1060
及
352	375	1041	1063
账
382	407	1040	1063
开
265	290	1043	1066
户
293	315	1041	1066
号
414	437	1040	1064
人
1135	1163	1083	1104
复
692	715	1087	1112
人
280	307	1097	1117
收
210	235	1096	1120
核
726	754	1086	1111
票
1102	1125	1081	1108
款
244	270	1095	1120
开
1067	1090	1084	1107
服
457	488	475	502
销
1473	1500	1076	1102
售
1516	1535	1075	1102
方
1545	1574	1073	1101
行
322	347	1040	1066
购
1900	1920	670	694
买
1900	1921	700	722
方
1899	1923	730	753
