开
1363	1385	298	317
期
1448	1470	295	315
票
1392	1413	295	317
名
337	358	376	395
密
1129	1148	366	387
称
468	489	373	393
购
287	307	393	414
人
388	413	414	431
税
363	386	413	433
别
442	462	412	434
号
468	488	411	433
识
415	438	414	432
纳
337	358	413	433
码
1128	1151	420	440
买
285	304	434	454
电
431	448	450	470
地
333	357	451	471
址
373	397	451	470
话
467	488	451	470
区
1132	1149	474	492
方
283	305	474	496
账
442	463	489	509
及
414	436	490	509
开
334	356	491	510
户
361	379	489	510
号
467	487	488	510
行
386	411	489	511
税
1608	1632	506	528
额
1684	1706	504	525
税
1477	1501	509	531
率
1506	1529	508	531
单
1129	1150	516	540
额
1373	1395	513	533
单
867	889	521	546
数
978	1000	520	541
价
1173	1195	516	538
务
538	557	526	548
格
725	749	525	546
名
560	582	527	546
量
1021	1043	519	540
务
469	489	529	550
金
1301	1325	513	534
税
414	437	530	550
规
696	720	527	546
物
333	356	531	551
货
309	330	531	551
号
783	803	525	546
位
892	914	523	543
劳
442	463	529	551
型
754	774	525	546
称
588	611	526	547
应
386	409	530	550
或
361	383	530	551
计
516	538	817	841
合
367	391	820	842
小
1381	1402	856	877
写
1412	1430	855	877
大
490	511	870	892
税
374	398	873	895
计
435	457	871	895
价
342	366	874	896
写
521	540	871	892
合
404	428	872	894
名
318	340	929	950
备
1141	1164	930	953
称
455	477	926	947
销
267	291	942	965
人
371	396	965	983
别
426	448	961	985
号
455	476	961	984
税
346	369	963	985
识
399	422	963	984
纳
320	340	964	986
电
416	434	998	1019
话
453	476	998	1019
址
357	381	999	1020
地
316	341	1000	1021
售
266	287	985	1007
注
1144	1165	1005	1028
及
397	420	1034	1056
方
266	288	1029	1052
开
317	339	1037	1058
行
369	393	1034	1058
户
344	362	1035	1058
号
452	474	1033	1056
账
425	447	1033	1056
开
1043	1066	1071	1093
人
1105	1131	1071	1091
销
1409	1432	1066	1090
方
1479	1501	1065	1089
复
710	731	1076	1099
售
1444	1465	1065	1088
收
275	298	1085	1107
人
338	364	1085	1104
票
1075	1097	1069	1094
核
741	764	1075	1098
款
306	331	1084	1107
服
507	531	529	551
日
1422	1440	296	317
购
1795	1813	694	715
买
1796	1815	721	742
方
1797	1819	748	769
