开
1440	1465	204	227
期
1537	1562	202	227
票
1474	1497	201	227
名
254	278	287	309
密
1174	1197	282	306
称
407	433	284	308
购
199	219	311	335
人
315	343	332	352
别
378	400	329	354
税
286	312	331	355
号
409	433	330	354
识
346	372	331	353
纳
257	279	331	354
码
1172	1197	345	368
买
199	219	356	380
电
367	386	375	398
址
302	328	375	398
话
408	434	376	398
地
256	282	376	399
方
200	223	401	426
区
1176	1195	408	429
及
349	374	421	444
账
380	404	420	444
开
257	282	423	446
户
289	308	420	446
行
318	344	420	446
号
409	433	420	445
税
1708	1734	452	476
额
1791	1815	452	475
单
1171	1194	459	486
税
1563	1589	455	478
率
1595	1620	452	479
额
1447	1471	457	480
单
873	897	462	490
格
710	736	465	489
名
541	565	467	490
务
512	534	468	492
务
411	433	468	494
型
743	765	465	489
价
1220	1245	459	484
服
475	501	469	492
物
241	266	471	495
规
677	704	467	489
号
776	799	465	490
量
1049	1074	462	486
金
1366	1393	456	481
数
1002	1027	462	486
税
341	369	470	494
劳
376	399	468	494
位
902	927	464	487
货
210	232	472	495
称
575	600	467	490
或
276	301	471	495
应
308	333	470	494
计
482	507	799	825
合
318	344	800	825
小
1450	1473	843	867
写
1484	1503	843	867
大
457	478	859	882
税
329	355	860	884
计
396	419	859	885
价
293	319	860	885
合
364	387	859	883
写
491	512	859	882
名
270	293	921	944
称
421	445	918	942
销
213	237	945	969
人
331	358	960	980
别
392	414	957	983
税
302	328	960	983
号
422	445	958	983
识
362	387	959	981
纳
273	295	960	983
电
382	401	997	1019
址
318	344	998	1021
售
215	236	983	1007
地
271	299	999	1022
话
422	447	998	1020
方
215	240	1022	1046
及
365	389	1036	1059
开
274	297	1039	1060
户
305	323	1036	1061
行
333	360	1036	1061
号
423	446	1036	1060
账
395	418	1036	1060
方
1511	1535	1064	1094
销
1436	1461	1071	1096
人
303	330	1085	1110
收
231	256	1090	1113
款
266	293	1089	1113
售
1471	1496	1069	1094
复
709	732	1082	1108
核
742	769	1080	1107
备
1181	1207	923	951
注
1181	1208	1006	1031
开
1076	1098	1075	1100
票
1107	1134	1074	1100
人
1139	1166	1076	1099
日
1503	1528	200	228
购
1896	1916	662	686
买
1896	1916	692	715
方
1896	1919	721	745
