开
1446	1470	206	228
日
1513	1528	207	228
期
1539	1564	205	230
票
1478	1500	204	229
名
271	297	268	291
称
424	449	267	291
密
1184	1205	277	302
购
214	238	286	312
人
332	362	313	334
税
303	331	312	336
别
394	418	312	338
号
425	448	312	337
识
364	390	313	335
纳
275	298	312	336
码
1181	1206	340	363
买
214	237	336	359
地
270	298	357	380
址
317	344	356	380
电
383	403	357	380
话
424	449	358	381
方
213	239	383	408
账
395	421	402	426
及
363	391	403	426
开
272	298	403	426
行
332	361	401	427
区
1184	1204	401	422
户
302	324	401	426
号
425	448	402	427
务
507	532	448	474
务
429	452	449	475
名
534	560	450	473
货
243	269	449	474
物
272	299	450	474
服
473	502	450	474
格
724	752	451	476
单
1180	1204	450	477
税
365	393	450	474
单
886	911	450	478
税
1704	1732	450	473
数
1011	1037	452	475
型
757	781	451	475
额
1785	1809	450	474
税
1563	1589	451	474
劳
397	421	449	475
规
691	719	452	475
率
1594	1620	449	475
额
1449	1474	451	475
价
1228	1254	451	476
号
790	814	452	477
应
333	360	449	473
量
1059	1085	451	475
称
566	593	449	473
位
914	939	452	476
或
305	330	449	475
金
1370	1396	450	474
计
488	514	781	808
合
319	347	781	808
小
1448	1471	832	856
大
460	484	841	865
价
291	320	841	868
税
327	355	842	867
写
1480	1501	832	855
计
398	424	840	868
合
362	390	840	866
写
495	516	842	866
名
266	291	904	927
备
1186	1212	913	938
称
422	447	902	926
销
207	235	918	944
纳
269	292	943	968
人
326	357	944	966
税
298	325	943	967
别
390	415	941	967
号
422	447	941	967
识
359	387	943	966
电
379	400	981	1005
址
313	340	982	1006
地
267	295	983	1007
话
421	448	982	1005
售
208	232	966	991
注
1189	1212	994	1020
账
390	417	1020	1045
方
209	235	1016	1041
及
358	385	1022	1045
开
267	293	1023	1047
行
326	355	1021	1048
户
298	320	1021	1047
号
421	446	1020	1046
销
1471	1497	1059	1085
开
1078	1103	1065	1089
方
1546	1570	1059	1085
人
1146	1175	1066	1088
核
746	772	1068	1093
复
711	735	1068	1095
款
257	287	1075	1101
人
295	324	1077	1098
售
1509	1531	1059	1084
收
222	250	1077	1101
票
1113	1137	1064	1090
购
1892	1914	661	684
买
1893	1914	691	713
方
1892	1916	719	743
