期
1635	1662	214	239
开
1534	1560	214	239
票
1568	1593	212	240
名
251	278	298	323
称
419	446	296	322
密
1249	1272	296	323
购
190	214	321	348
人
319	349	348	370
税
287	316	346	373
别
386	411	345	373
号
420	446	345	372
识
352	381	347	371
纳
255	280	347	373
码
1246	1275	364	390
买
190	215	374	400
电
374	397	395	420
址
303	332	395	420
地
252	283	396	421
话
420	449	396	420
方
191	218	425	453
区
1252	1272	431	455
账
391	418	444	470
及
356	384	445	470
开
256	283	447	472
户
290	312	444	472
号
422	448	444	471
行
322	351	444	472
率
1696	1723	478	506
税
1812	1841	478	503
额
1899	1924	478	502
单
1247	1274	484	514
额
1541	1567	482	507
单
926	952	488	518
格
748	778	491	518
务
516	541	494	521
名
544	571	494	519
价
1300	1328	484	511
物
257	287	498	523
税
359	388	496	522
规
712	743	493	517
量
1115	1143	488	513
货
226	253	498	524
号
821	847	491	518
税
1662	1691	480	504
金
1454	1483	482	508
数
1062	1090	487	513
劳
393	419	495	523
位
956	984	489	515
型
785	810	490	517
务
428	453	495	522
称
579	607	492	519
应
325	353	496	523
或
294	321	497	524
计
501	528	853	882
合
319	348	856	884
小
1540	1566	894	918
写
1575	1596	892	918
大
473	498	918	944
计
405	432	919	947
税
329	359	921	947
价
291	320	922	949
写
510	533	918	944
合
367	396	919	946
备
1257	1285	984	1011
名
265	292	989	1014
称
433	460	984	1010
销
203	231	1005	1032
人
333	363	1031	1053
纳
269	294	1031	1056
别
399	425	1027	1055
号
434	460	1027	1055
税
301	330	1030	1056
识
366	394	1030	1054
电
388	409	1071	1096
话
433	461	1072	1095
址
318	346	1072	1097
地
268	297	1074	1099
售
205	230	1057	1083
注
1261	1285	1071	1097
账
401	429	1113	1139
及
367	395	1114	1139
方
208	235	1109	1136
开
270	296	1118	1142
行
333	362	1114	1142
户
303	325	1115	1142
号
434	460	1112	1139
售
1608	1626	1134	1160
销
1566	1591	1135	1162
方
1643	1668	1133	1159
人
1215	1244	1147	1169
开
1142	1169	1149	1175
复
747	772	1160	1187
核
784	812	1158	1185
人
301	332	1174	1196
收
224	252	1175	1200
款
262	292	1173	1199
服
478	510	494	525
票
1179	1205	1146	1176
日
1603	1628	211	238
购
2012	2033	703	727
买
2011	2032	735	758
方
2011	2035	765	791
