开
1478	1504	220	244
票
1512	1537	218	246
期
1580	1607	220	247
名
223	250	299	323
密
1186	1210	298	325
称
378	403	297	322
购
165	189	320	346
人
286	315	348	369
别
349	371	345	371
号
378	402	344	371
税
256	284	346	371
识
317	343	346	370
纳
226	250	346	371
码
1182	1211	367	393
买
165	188	371	396
电
336	356	392	417
地
222	250	393	417
址
269	297	393	417
话
377	402	393	416
方
164	190	420	447
区
1186	1207	435	459
账
348	374	439	465
及
317	343	440	464
开
224	250	441	466
行
285	313	439	467
户
255	276	439	466
号
377	401	439	466
务
459	483	488	515
务
381	403	489	516
名
486	512	489	513
格
687	716	489	516
单
1180	1207	489	519
货
195	220	490	515
物
223	251	491	515
单
861	887	489	519
税
1607	1636	490	516
税
317	345	491	515
税
1762	1791	491	517
型
722	747	490	515
数
996	1023	491	516
规
651	681	491	515
劳
349	373	489	516
额
1481	1508	490	516
率
1642	1670	489	518
号
757	783	490	517
价
1233	1262	490	517
量
1048	1076	491	516
称
520	547	488	514
位
891	918	491	516
金
1392	1422	489	515
或
256	282	490	516
应
285	311	490	515
计
439	463	842	870
合
269	298	839	865
税
278	306	902	927
大
409	434	904	930
写
446	468	906	932
计
349	374	903	930
价
242	270	901	928
合
312	340	901	928
小
1474	1499	912	936
写
1510	1533	912	937
名
216	242	966	990
销
156	185	979	1006
称
373	399	967	992
备
1182	1211	997	1024
纳
219	243	1006	1031
人
278	308	1009	1030
别
341	366	1007	1034
税
249	276	1006	1032
号
374	398	1008	1035
识
310	338	1008	1031
地
216	244	1048	1073
址
264	291	1048	1072
售
156	181	1030	1055
电
330	352	1048	1073
话
373	401	1051	1074
方
156	184	1080	1107
开
217	243	1090	1114
账
342	369	1090	1116
及
309	337	1090	1114
行
277	306	1089	1117
户
248	269	1088	1115
号
374	399	1090	1117
注
1184	1209	1087	1113
收
170	198	1145	1170
人
244	274	1147	1168
款
206	235	1145	1170
复
670	695	1152	1178
开
1063	1090	1160	1185
人
1136	1167	1164	1186
销
1493	1521	1158	1185
方
1575	1601	1158	1186
核
707	733	1152	1179
售
1534	1558	1158	1184
票
1101	1127	1160	1187
额
1852	1879	488	518
服
423	453	489	515
日
1549	1572	220	244
购
1970	1994	725	752
买
1970	1994	759	784
方
1970	1997	791	817
