开
1580	1606	224	247
期
1677	1703	225	251
票
1614	1639	222	249
名
329	357	275	300
称
495	522	279	305
密
1305	1328	296	322
购
266	292	296	323
税
364	394	325	350
别
462	488	327	353
号
495	522	327	354
纳
333	358	323	349
识
429	458	327	350
码
1300	1328	363	387
买
266	292	349	374
地
329	360	371	396
址
380	409	372	396
电
450	471	373	398
话
494	523	376	399
方
266	294	399	427
开
330	359	421	446
账
462	491	421	448
及
429	458	421	446
行
395	426	419	448
户
364	386	419	446
号
495	522	422	449
区
1304	1325	427	450
货
301	329	472	498
物
333	361	473	498
务
499	525	473	500
务
586	611	474	502
税
431	460	473	499
名
613	640	475	500
格
814	844	478	504
规
780	809	479	503
单
985	1012	478	507
劳
465	491	472	500
单
1297	1324	480	510
型
850	875	479	504
价
1349	1378	482	507
数
1119	1146	481	505
应
398	427	472	499
税
1699	1726	485	510
号
884	910	479	505
税
1840	1866	488	512
称
647	675	475	501
或
367	395	472	500
额
1583	1609	484	509
量
1171	1198	481	506
率
1731	1757	484	512
位
1015	1042	480	505
额
1917	1942	489	513
金
1502	1531	482	507
计
559	587	828	858
合
377	407	828	856
大
527	553	891	917
小
1580	1605	884	908
税
384	414	892	918
计
459	487	891	921
价
347	377	891	919
写
1612	1633	884	909
合
420	451	890	918
写
566	591	892	917
名
319	345	959	984
备
1302	1329	971	998
销
258	287	972	999
称
484	512	959	985
纳
321	347	1002	1027
人
384	415	1003	1025
别
450	477	1001	1029
税
353	382	1001	1028
号
484	511	1001	1029
识
417	446	1002	1026
售
258	283	1024	1050
电
439	461	1043	1068
地
319	349	1044	1069
址
369	398	1044	1068
话
483	512	1045	1069
注
1305	1331	1059	1084
方
255	285	1076	1102
账
447	477	1086	1111
及
414	443	1086	1110
开
317	345	1087	1111
户
348	374	1085	1112
行
381	413	1085	1112
号
482	508	1086	1112
方
1692	1716	1124	1151
开
1192	1219	1133	1158
人
1266	1297	1133	1154
收
257	287	1140	1160
款
297	327	1140	1161
人
336	369	1141	1159
复
792	818	1136	1164
票
1230	1257	1130	1158
核
829	858	1136	1163
服
550	577	474	501
销
1615	1642	1123	1152
售
1655	1679	1124	1151
人
399	425	326	351
日
1646	1670	222	246
购
2028	2049	706	731
买
2028	2049	738	761
方
2028	2052	766	791
