开
1429	1453	226	248
期
1521	1546	225	250
票
1460	1484	224	249
名
276	302	281	303
称
425	450	281	306
购
222	244	300	324
密
1169	1190	295	319
人
336	365	327	347
别
398	420	326	351
号
426	450	326	351
识
367	393	326	349
纳
279	303	325	348
税
308	335	326	349
码
1166	1191	357	380
买
221	243	347	371
地
275	303	369	391
址
320	348	369	391
电
385	406	370	393
话
426	451	372	393
方
219	245	393	418
开
276	303	414	436
账
398	423	414	437
及
366	394	414	437
行
337	364	412	438
户
307	328	412	436
区
1169	1188	418	439
号
427	450	414	439
货
249	274	459	482
物
277	304	459	482
务
430	453	460	485
务
508	531	461	485
称
565	591	462	485
名
533	559	462	484
规
685	713	465	487
格
717	745	463	488
单
876	900	464	491
型
750	773	464	487
单
1164	1188	466	493
劳
397	423	460	485
应
336	363	460	483
数
998	1023	466	489
税
1682	1709	469	492
号
781	805	465	489
税
1542	1568	468	491
额
1430	1455	469	491
价
1211	1237	467	492
额
1763	1787	469	492
量
1045	1071	466	489
率
1573	1599	467	493
或
308	334	459	484
税
367	395	460	484
位
903	928	466	489
金
1351	1377	467	490
计
489	514	783	809
合
321	350	782	808
价
293	322	841	867
大
460	483	841	865
写
494	517	842	865
计
398	424	841	867
小
1424	1447	842	865
合
363	390	840	865
写
1456	1476	843	865
税
329	356	841	866
称
421	446	900	924
名
268	293	902	924
销
210	239	915	940
备
1165	1191	918	943
纳
271	294	939	963
别
389	414	938	964
号
420	445	939	964
识
358	385	940	962
税
299	326	940	964
地
268	296	977	1001
址
313	340	978	1001
电
377	399	978	1001
话
419	446	978	1001
售
211	235	962	987
注
1168	1190	998	1022
方
212	238	1010	1035
账
389	415	1016	1040
及
358	384	1017	1040
开
268	294	1018	1041
行
326	354	1016	1042
户
299	320	1016	1041
号
419	443	1016	1041
销
1443	1469	1065	1089
开
1059	1084	1066	1089
人
1125	1153	1067	1089
收
224	252	1069	1093
人
295	325	1071	1091
方
1516	1542	1065	1090
复
700	723	1066	1091
款
259	287	1069	1093
核
734	760	1065	1091
售
1480	1503	1065	1088
票
1093	1116	1065	1090
服
474	503	462	486
人
328	354	939	964
日
1491	1515	223	249
购
1866	1886	678	701
买
1866	1886	708	729
方
1865	1888	736	759
