期
1496	1522	179	205
日
1469	1484	182	203
开
1396	1422	183	207
票
1430	1455	180	207
名
209	234	268	290
密
1123	1146	264	289
称
357	382	264	288
购
154	177	292	318
人
266	293	312	332
税
238	263	311	335
别
326	350	309	334
号
358	382	309	334
识
296	321	311	333
纳
211	233	311	335
码
1120	1147	328	352
买
153	175	338	361
电
314	336	354	378
址
251	277	355	378
地
207	233	356	380
话
356	383	356	378
方
152	176	382	406
区
1125	1145	391	413
账
325	353	400	424
开
206	232	402	426
户
237	257	400	425
行
265	294	400	426
号
356	382	400	425
税
1521	1548	438	462
税
1670	1698	436	461
额
1753	1779	436	461
价
1169	1197	443	468
单
1120	1145	443	471
率
1554	1580	436	464
单
821	846	445	472
额
1401	1427	440	464
务
356	380	448	473
格
656	684	446	472
数
948	976	445	469
务
458	483	448	474
名
489	514	450	473
型
690	714	447	471
物
189	214	451	475
货
158	182	451	475
规
624	651	448	471
号
724	747	447	472
税
288	315	442	474
劳
322	346	448	474
量
999	1024	446	470
金
1318	1347	440	465
位
849	875	446	469
应
253	279	449	475
称
524	549	449	473
或
223	248	450	476
计
422	448	783	810
合
250	278	785	811
大
394	420	844	868
小
1403	1428	836	859
价
225	253	846	871
写
1438	1460	835	860
计
331	356	844	872
税
260	288	846	870
写
431	454	844	868
合
294	323	844	870
名
202	227	907	931
备
1127	1155	916	942
称
355	381	906	931
销
145	172	930	957
纳
205	228	947	972
别
323	348	946	973
税
234	261	946	972
号
355	381	946	972
识
292	319	948	971
电
312	333	986	1010
址
249	276	986	1010
话
354	382	987	1010
售
145	167	970	995
地
203	231	987	1011
注
1130	1154	1001	1026
方
145	171	1010	1036
账
324	351	1027	1052
及
294	320	1027	1051
开
205	230	1028	1052
户
233	255	1026	1053
行
263	291	1026	1053
号
356	380	1026	1052
售
1430	1453	1071	1096
开
1018	1043	1071	1096
人
1087	1116	1073	1095
复
644	667	1075	1102
销
1390	1417	1071	1097
方
1468	1494	1071	1098
收
161	188	1080	1105
款
196	225	1079	1105
人
232	259	1082	1103
票
1053	1078	1071	1097
核
678	704	1076	1102
及
297	321	400	426
服
420	450	449	475
人
263	290	947	971
购
1872	1894	652	677
买
1873	1895	684	707
方
1874	1899	714	739
