开
1469	1496	180	206
票
1503	1528	180	207
期
1568	1594	182	209
名
195	221	230	255
称
359	387	230	256
密
1189	1212	255	281
税
228	256	278	305
别
325	351	278	307
号
360	386	279	307
识
291	321	279	304
纳
197	221	278	305
码
1185	1212	322	348
地
193	223	327	353
址
243	272	327	352
电
312	334	327	353
话
358	387	330	354
方
133	159	358	385
账
325	354	376	404
及
292	321	377	403
开
195	222	377	403
行
258	288	375	405
户
226	249	375	404
号
359	385	377	405
区
1188	1209	388	411
务
362	389	430	458
货
165	191	430	457
物
196	224	431	456
务
451	478	431	459
名
480	508	432	457
格
689	719	434	461
税
294	323	430	457
劳
328	354	429	458
单
867	893	437	467
型
726	751	436	461
数
1002	1030	440	466
规
652	683	436	460
价
1232	1261	442	469
应
261	288	430	457
单
1181	1207	441	470
号
762	788	436	464
称
516	544	432	458
税
1591	1619	446	470
税
1738	1766	447	472
或
230	257	430	458
量
1054	1081	442	467
额
1470	1497	445	470
位
896	924	439	464
率
1623	1650	445	472
额
1820	1844	449	473
金
1387	1416	442	468
计
429	457	794	822
合
244	274	793	821
小
1463	1487	846	870
大
398	424	856	883
价
214	245	857	885
税
253	283	857	884
写
1495	1517	846	871
计
330	357	856	885
合
290	321	856	883
写
438	462	857	883
名
186	214	926	951
备
1183	1211	933	960
称
356	384	924	950
销
123	153	939	967
纳
191	216	968	994
税
222	253	968	994
别
322	349	966	995
号
356	383	967	995
识
288	317	968	993
电
310	333	1010	1035
址
240	269	1010	1035
地
188	219	1011	1036
售
124	150	991	1018
话
356	385	1011	1034
注
1185	1209	1020	1046
方
127	154	1044	1071
账
325	354	1051	1077
及
291	320	1052	1077
开
190	219	1054	1079
行
256	287	1052	1079
户
225	247	1052	1079
号
358	384	1051	1078
销
1487	1514	1087	1112
人
1141	1171	1095	1115
开
1067	1094	1096	1119
复
670	696	1102	1129
收
137	167	1109	1135
人
217	250	1109	1131
票
1106	1131	1093	1119
核
707	736	1100	1128
款
177	208	1108	1134
售
1525	1552	1086	1112
方
1567	1593	1085	1111
服
418	450	431	459
日
1537	1561	180	208
买
133	158	301	330
人
261	287	277	304
人
256	283	968	992
购
1925	1948	668	693
买
1923	1945	699	723
方
1922	1945	729	754
