开
1454	1481	192	215
期
1555	1582	191	216
票
1490	1514	189	216
名
242	268	275	297
密
1175	1197	272	297
购
183	208	298	323
纳
245	268	320	343
人
304	331	321	341
号
393	417	317	342
识
334	359	320	342
别
364	386	318	343
码
1172	1198	337	361
税
276	303	320	344
买
184	207	344	368
话
392	417	365	386
址
289	315	365	387
地
243	270	366	389
电
352	371	364	387
方
184	209	390	415
区
1175	1195	402	424
账
363	387	410	434
及
333	358	411	434
开
242	268	412	435
户
274	295	410	436
号
391	415	409	434
行
303	329	410	436
价
1220	1248	456	482
名
518	542	458	481
单
1169	1195	455	483
务
489	511	458	483
格
693	719	458	483
单
860	886	457	485
率
1613	1641	453	481
额
1458	1485	456	480
物
224	251	462	484
号
760	785	459	484
额
1817	1842	455	479
量
1043	1069	458	483
劳
357	380	459	484
数
992	1019	458	482
型
727	750	458	483
位
890	916	459	483
金
1374	1403	455	479
货
192	218	461	485
税
1580	1608	456	480
税
1730	1758	455	479
称
553	579	458	481
务
391	413	459	484
规
658	687	459	482
或
260	284	461	485
应
291	316	460	484
税
324	350	461	484
合
285	311	799	824
计
451	476	801	827
写
459	481	862	887
写
1491	1513	862	887
小
1455	1480	862	885
大
424	448	862	886
价
260	286	860	885
合
328	354	860	885
计
363	387	860	887
税
294	321	861	885
名
233	258	923	946
称
386	412	924	947
备
1173	1201	943	969
人
294	322	965	986
销
174	199	947	971
号
386	410	964	990
纳
235	258	963	987
别
355	379	963	989
识
325	351	964	987
税
265	293	963	988
售
174	196	987	1011
电
344	364	1004	1028
话
385	411	1006	1027
址
278	306	1003	1026
地
232	260	1004	1027
方
175	200	1027	1052
及
325	351	1045	1068
开
233	257	1045	1068
户
263	284	1044	1069
行
293	321	1044	1070
号
386	410	1045	1070
账
356	381	1045	1069
销
1437	1464	1099	1125
人
260	289	1100	1120
复
679	702	1097	1123
收
188	215	1099	1121
方
1517	1542	1100	1126
核
713	739	1099	1124
款
223	252	1098	1122
售
1477	1500	1100	1124
称
394	417	270	295
注
1174	1199	1029	1054
服
449	483	457	486
开
1057	1084	1103	1125
票
1095	1121	1099	1130
人
1129	1161	1101	1128
日
1524	1548	189	217
购
1931	1954	677	702
买
1931	1953	709	732
方
1930	1955	739	764
