开
1405	1433	160	184
期
1504	1531	159	183
票
1440	1465	157	184
名
205	232	229	252
密
1134	1157	238	262
购
139	172	245	276
号
358	383	272	298
纳
208	233	273	297
识
296	325	274	296
税
237	262	274	297
码
1130	1158	302	325
电
317	338	318	342
话
357	384	319	341
地
204	234	319	342
方
145	172	342	368
及
296	324	365	388
账
328	354	363	388
区
1135	1156	364	387
户
235	258	364	389
号
357	382	363	389
开
204	232	365	388
务
458	482	412	438
务
356	381	413	438
名
487	513	413	436
货
153	180	414	439
格
662	691	415	441
单
828	853	415	442
价
1178	1206	417	442
数
956	984	417	441
税
1674	1702	415	439
税
1527	1554	416	440
单
1129	1155	416	445
劳
321	346	412	438
额
1408	1434	416	440
率
1558	1587	414	442
号
728	755	416	442
应
253	280	413	438
称
522	550	413	437
额
1758	1784	415	439
型
695	720	415	440
或
221	247	414	439
位
857	884	417	441
税
287	315	414	438
金
1328	1356	415	439
规
628	658	417	439
量
1007	1033	418	442
合
245	274	752	778
写
1441	1463	810	834
小
1406	1431	809	833
计
325	352	812	840
写
426	449	814	839
税
254	283	814	839
价
217	246	813	845
名
192	218	877	901
备
1133	1160	888	914
称
348	376	875	901
人
252	283	918	940
别
315	342	916	943
号
348	374	917	944
识
285	312	917	941
纳
194	218	917	942
税
223	251	916	942
电
304	326	957	982
话
346	376	959	982
方
132	159	980	1007
及
284	312	998	1024
行
252	281	998	1026
号
346	372	998	1024
人
1090	1120	1043	1066
销
1390	1418	1042	1069
方
1469	1494	1044	1070
复
645	670	1042	1073
款
182	213	1053	1078
核
679	707	1045	1072
售
1429	1454	1043	1069
票
1057	1082	1042	1069
人
270	297	275	298
注
1131	1158	972	999
物
181	221	412	439
称
360	387	226	253
买
148	171	295	324
址
252	281	318	343
行
267	295	364	390
服
420	448	414	440
别
329	354	273	298
计
418	449	752	779
合
288	315	812	840
大
387	414	812	842
销
132	162	900	927
售
134	156	941	968
地
191	220	957	983
址
237	266	957	983
开
191	218	998	1024
户
222	245	998	1026
账
315	343	997	1025
收
147	175	1051	1077
人
220	248	1053	1078
开
1021	1048	1044	1068
日
1476	1497	156	184
购
1868	1890	631	655
买
1869	1890	662	685
方
1868	1892	691	716
