开
1409	1434	210	234
期
1505	1531	208	233
票
1441	1465	208	234
名
212	239	275	299
称
371	396	276	301
密
1141	1163	286	310
购
156	180	299	325
人
276	306	323	343
别
340	364	322	348
号
371	396	322	347
识
308	336	322	345
纳
217	240	321	345
税
246	274	321	345
买
157	180	346	370
码
1137	1164	350	373
地
215	243	367	390
址
263	290	367	389
电
329	351	367	391
话
372	398	369	392
方
156	183	391	417
账
342	369	413	438
及
310	337	413	437
开
216	243	414	437
区
1141	1161	412	433
户
248	270	412	438
行
278	307	412	438
号
372	398	413	439
务
373	397	462	487
务
474	499	462	487
货
168	193	463	487
物
200	226	463	487
名
505	530	463	486
税
303	331	463	487
格
676	704	464	488
单
840	864	463	491
单
1136	1160	462	491
规
643	671	465	488
型
709	733	464	488
额
1756	1782	461	485
数
966	993	464	488
税
1673	1700	461	485
税
1527	1554	462	486
劳
338	362	461	489
额
1409	1436	463	487
率
1560	1586	460	488
号
743	767	464	490
价
1184	1211	464	489
应
268	295	462	487
量
1015	1041	465	489
称
540	566	463	487
位
868	894	465	488
或
235	262	462	488
金
1330	1357	462	487
计
443	468	795	821
合
272	299	796	821
大
415	439	854	879
小
1408	1432	849	872
税
282	309	856	880
计
351	378	854	882
写
1441	1462	849	872
价
246	275	856	881
合
316	343	854	880
写
450	472	855	879
名
221	246	914	940
备
1140	1166	926	951
称
374	401	916	940
销
164	190	940	965
人
283	312	956	978
税
254	282	955	980
别
344	369	955	981
号
375	400	955	981
识
314	341	956	979
纳
225	249	956	980
电
333	355	994	1018
地
224	251	995	1019
注
1142	1165	1007	1032
方
166	191	1017	1044
及
316	342	1034	1058
开
225	251	1035	1059
户
256	277	1033	1059
号
376	401	1034	1060
账
346	372	1034	1058
销
1393	1419	1077	1102
开
1031	1056	1078	1101
人
1099	1128	1078	1099
核
699	725	1081	1106
方
1468	1493	1076	1102
复
666	689	1081	1106
售
1431	1454	1077	1101
票
1066	1090	1075	1102
款
215	245	1086	1111
售
164	192	977	1006
址
267	298	991	1021
行
284	313	1033	1061
收
180	207	1086	1114
人
252	285	1087	1110
日
1474	1498	205	236
服
438	466	463	487
话
374	403	993	1020
购
1863	1885	673	697
买
1862	1884	704	726
方
1861	1887	733	757
