开
1546	1573	229	255
票
1582	1606	228	256
期
1645	1674	230	257
称
418	442	314	340
名
263	287	321	345
密
1248	1273	314	341
购
204	229	345	370
纳
262	286	367	392
别
384	410	363	391
号
417	440	363	390
识
352	380	365	389
码
1244	1274	384	410
买
202	225	395	420
电
371	393	411	437
址
303	331	412	437
话
414	441	412	435
地
257	286	414	439
方
199	224	445	471
区
1249	1271	452	476
账
380	407	459	485
及
348	376	460	485
开
256	283	462	487
行
316	345	459	487
户
286	308	460	487
号
411	437	458	485
税
1841	1871	504	531
务
497	524	508	536
数
1054	1084	508	535
税
1676	1707	506	533
名
526	554	510	535
单
1242	1270	507	538
务
414	439	511	538
服
462	492	511	537
单
914	941	508	539
格
735	766	510	537
规
699	730	512	537
额
1931	1957	504	530
应
316	343	512	539
物
253	282	514	538
税
349	377	513	538
率
1713	1743	504	535
型
772	798	510	537
货
225	251	514	539
额
1552	1579	507	534
价
1297	1328	508	536
号
808	836	511	538
劳
382	407	511	539
量
1109	1138	510	536
称
562	590	508	535
位
945	973	510	536
金
1463	1494	505	533
或
286	313	513	540
计
473	501	878	906
合
291	322	876	904
价
258	288	940	968
大
437	464	940	968
税
296	325	940	967
写
477	504	941	968
小
1550	1575	935	961
计
371	398	940	970
写
1582	1606	934	961
合
331	362	939	967
销
169	198	1023	1052
称
392	420	1011	1038
备
1252	1282	1028	1057
名
224	256	1010	1040
纳
232	256	1054	1080
别
359	385	1055	1084
号
392	418	1055	1084
识
326	355	1056	1080
售
169	195	1077	1104
地
228	258	1098	1124
址
277	306	1098	1124
电
347	370	1099	1125
话
392	420	1101	1126
注
1255	1282	1122	1150
方
168	197	1131	1160
开
229	257	1143	1170
账
359	388	1143	1171
及
326	355	1144	1170
行
292	323	1142	1172
户
261	284	1142	1171
号
393	419	1143	1173
销
1579	1609	1197	1226
收
175	204	1201	1229
方
1665	1690	1196	1225
人
251	284	1204	1228
人
1206	1239	1204	1228
开
1128	1158	1204	1231
复
709	735	1206	1235
核
748	777	1206	1235
款
212	244	1201	1229
票
1168	1197	1201	1232
日
1613	1639	228	257
售
1622	1652	1194	1227
税
293	319	366	393
人
321	350	367	390
税
262	291	1055	1084
人
294	322	1056	1081
购
2053	2078	740	767
买
2053	2078	775	800
方
2054	2079	806	834
