开
1413	1438	183	204
期
1508	1532	180	203
票
1445	1469	180	204
名
265	289	251	272
称
415	439	251	273
密
1156	1177	255	277
购
209	232	272	296
人
322	348	294	312
别
382	406	292	316
号
413	437	293	316
识
357	377	293	313
税
294	319	292	315
纳
265	288	292	315
码
1154	1179	313	335
买
205	227	315	337
址
305	330	334	356
电
368	388	334	356
话
409	435	336	356
地
259	286	334	357
方
201	226	356	380
区
1159	1178	371	391
账
378	403	376	399
及
347	372	377	399
开
258	283	378	399
行
318	344	376	401
户
288	309	376	400
号
408	432	377	400
税
1688	1715	415	438
税
1542	1569	417	440
单
1154	1178	420	446
额
1772	1796	415	437
务
405	429	423	447
单
861	885	421	448
务
506	528	423	447
税
336	362	423	446
名
534	559	424	445
格
701	727	423	446
物
237	263	424	446
规
668	695	425	446
率
1575	1601	415	441
数
986	1011	422	445
型
733	756	422	445
额
1426	1450	419	442
价
1202	1228	420	444
号
766	789	423	447
劳
370	394	422	447
货
206	230	424	447
量
1035	1060	422	445
应
302	327	423	446
位
889	914	423	445
金
1347	1374	418	441
称
569	594	424	446
或
271	295	424	448
计
452	477	749	776
合
279	307	751	776
大
417	442	810	835
小
1441	1465	803	826
税
284	311	812	837
写
1475	1497	802	827
计
355	380	810	838
价
248	276	812	838
写
454	478	810	835
合
319	345	810	837
名
216	242	876	900
备
1166	1193	884	910
称
374	400	873	899
销
155	184	899	926
纳
217	240	916	941
人
274	304	918	939
税
246	272	916	941
别
339	364	915	942
号
372	397	915	942
识
308	335	917	940
电
325	345	957	982
地
211	238	958	983
址
257	284	958	982
售
153	176	940	966
话
368	396	958	982
注
1170	1194	971	996
方
151	178	982	1009
账
332	360	999	1025
及
301	327	1000	1025
开
209	235	1001	1026
行
270	298	999	1027
户
239	261	999	1026
号
365	392	999	1026
销
1438	1465	1044	1072
开
1054	1081	1047	1072
人
1126	1156	1047	1069
核
702	730	1050	1077
方
1518	1544	1044	1072
收
159	186	1056	1082
复
666	690	1050	1077
人
232	261	1058	1080
售
1478	1502	1044	1070
票
1091	1116	1044	1073
款
196	223	1056	1082
服
468	496	424	449
日
1476	1503	177	207
购
1895	1916	623	646
买
1899	1920	653	676
方
1902	1925	682	706
