开
1427	1451	241	263
期
1523	1547	240	264
票
1460	1483	239	264
名
252	276	317	339
称
406	431	316	340
密
1164	1186	316	340
购
200	219	342	366
人
314	342	363	383
别
378	399	361	385
号
408	431	361	385
识
345	369	362	383
纳
256	278	362	384
税
284	312	361	385
码
1161	1187	379	402
买
199	219	387	410
地
254	281	406	429
电
367	386	406	429
址
301	328	406	429
话
407	433	407	428
方
198	222	431	456
区
1167	1186	440	461
及
349	373	451	474
开
255	281	452	474
户
288	307	450	475
行
318	344	450	475
号
409	432	450	475
账
379	404	450	473
率
1583	1608	486	511
额
1776	1800	485	508
数
993	1018	492	516
单
1162	1186	490	517
单
865	890	491	518
格
700	729	493	517
规
669	695	494	517
名
536	559	496	519
额
1435	1459	489	512
务
410	432	498	523
务
508	529	497	521
物
239	265	501	523
号
768	792	494	518
价
1210	1237	491	515
量
1042	1067	493	516
税
1695	1721	486	509
税
1550	1577	488	510
劳
374	397	498	524
型
735	758	493	516
位
894	919	493	516
金
1355	1382	489	512
货
206	230	500	524
称
570	594	496	519
服
473	498	499	521
应
307	332	500	523
税
341	367	499	523
或
275	300	499	525
计
469	492	827	854
合
305	331	829	853
小
1440	1463	873	895
大
440	463	888	912
写
1473	1494	873	895
税
313	336	889	913
计
380	403	888	914
价
279	304	889	914
合
344	370	888	913
写
475	497	888	912
名
253	277	951	974
备
1172	1198	953	978
称
401	425	950	973
销
196	221	974	998
人
308	336	992	1012
别
370	393	990	1015
税
282	306	990	1015
号
401	425	989	1015
识
339	365	991	1014
纳
254	276	990	1014
地
249	275	1030	1054
电
358	379	1030	1053
售
197	216	1012	1037
址
294	319	1030	1054
话
401	427	1030	1053
注
1175	1198	1034	1058
方
198	218	1053	1078
及
341	367	1070	1093
开
249	273	1072	1095
户
279	299	1070	1095
号
403	427	1068	1092
行
309	336	1070	1095
账
373	399	1069	1093
开
1064	1090	1106	1129
人
1134	1162	1106	1126
复
694	716	1112	1138
票
1101	1124	1103	1129
收
211	232	1123	1146
人
275	303	1125	1146
核
728	754	1111	1137
款
241	266	1124	1147
销
1432	1461	1097	1127
售
1470	1495	1100	1126
方
1505	1530	1098	1124
日
1495	1512	240	263
购
1888	1908	695	717
买
1888	1908	724	746
方
1888	1910	753	776
