开
1428	1452	258	280
名
234	260	275	298
票
1460	1483	257	283
期
1521	1545	262	286
称
391	417	280	305
购
176	199	297	322
人
295	324	325	345
密
1164	1185	319	343
税
265	293	322	346
别
358	383	325	351
号
390	414	327	352
纳
235	259	320	345
识
327	353	325	347
买
174	197	344	368
地
231	260	366	391
址
279	306	368	391
电
345	365	370	394
话
387	414	374	395
码
1158	1184	382	405
方
170	198	388	414
开
231	257	414	437
及
323	349	416	439
账
355	381	416	440
户
262	284	413	438
行
292	320	414	440
号
386	410	417	443
区
1161	1180	443	464
货
176	202	460	484
物
209	236	462	485
税
312	339	465	489
务
383	407	467	492
务
484	508	469	495
名
514	539	470	493
劳
347	372	465	491
格
687	716	474	499
规
653	681	475	497
或
245	271	463	489
单
856	881	482	509
应
278	304	463	488
称
550	575	471	495
号
756	781	479	504
型
722	745	477	501
数
984	1010	488	512
单
1154	1178	494	521
位
885	911	484	508
量
1033	1059	492	515
价
1203	1229	497	522
额
1425	1451	505	529
税
1541	1567	509	532
率
1573	1598	508	535
金
1347	1374	501	525
税
1683	1708	514	537
额
1761	1784	516	540
计
429	455	808	836
合
256	284	804	829
大
396	421	870	895
税
262	288	867	892
价
226	255	865	892
计
333	358	868	895
合
296	324	866	892
写
434	457	872	897
小
1418	1442	892	915
写
1452	1472	893	917
名
195	221	928	952
称
354	380	933	958
销
131	159	950	977
备
1146	1173	965	991
人
255	285	972	994
税
228	253	970	996
别
319	345	973	1000
号
353	378	974	1000
纳
196	221	970	994
识
289	315	972	996
售
128	153	991	1017
址
240	266	1012	1036
地
190	219	1011	1035
电
307	327	1013	1038
话
350	377	1017	1040
方
125	154	1033	1060
开
188	215	1054	1079
及
285	312	1055	1080
账
318	344	1055	1081
户
221	244	1052	1079
行
252	282	1053	1081
注
1146	1170	1050	1075
号
350	374	1056	1083
收
132	159	1107	1131
款
170	198	1107	1132
人
209	239	1109	1130
开
1033	1058	1121	1145
复
648	670	1115	1140
人
1103	1132	1122	1144
销
1404	1429	1125	1151
核
683	711	1115	1141
票
1069	1093	1119	1146
售
1439	1464	1125	1151
方
1477	1501	1124	1156
服
446	474	472	494
日
1493	1513	257	282
购
1862	1882	729	752
买
1862	1882	759	782
方
1861	1883	787	812
