开
1418	1443	251	274
期
1515	1540	250	275
票
1451	1475	249	275
名
241	259	325	346
称
382	406	320	344
密
1149	1171	326	350
购
191	210	352	375
别
352	374	365	390
号
381	405	366	390
识
323	347	367	389
税
266	292	368	391
纳
239	260	368	391
码
1145	1172	390	413
电
341	360	411	434
买
188	206	395	418
址
280	306	412	434
话
381	406	412	433
地
237	261	412	435
方
187	207	439	463
区
1150	1170	452	473
及
325	347	457	479
账
354	378	456	479
开
237	260	458	479
行
295	320	456	482
户
266	287	456	481
号
382	406	456	481
务
479	502	503	528
名
509	534	503	526
务
383	405	504	529
格
680	707	503	529
单
1144	1168	503	531
单
845	869	503	531
税
317	341	505	529
物
217	242	507	529
型
713	737	504	528
数
972	999	504	528
货
192	212	507	530
规
647	674	505	528
额
1421	1446	504	528
率
1570	1597	503	529
额
1767	1791	504	528
劳
348	371	503	529
号
746	771	505	529
价
1193	1220	504	529
量
1022	1048	505	529
称
544	569	503	527
位
873	899	505	529
税
1538	1564	504	528
金
1340	1369	503	527
税
1684	1711	504	527
或
252	277	506	530
应
284	309	505	529
计
446	471	836	863
合
280	306	836	861
写
1449	1471	892	915
大
422	444	895	918
价
256	282	895	919
小
1416	1439	892	914
计
358	382	895	921
合
323	348	894	919
写
456	476	896	918
税
290	316	896	919
名
234	257	953	977
备
1147	1173	968	993
称
385	409	952	977
销
178	203	976	1001
别
351	376	992	1018
号
384	407	993	1018
识
321	346	994	1016
纳
234	257	993	1017
税
263	288	993	1017
电
340	359	1032	1056
地
231	257	1033	1056
址
276	302	1032	1055
售
176	197	1015	1039
话
380	407	1034	1056
方
176	200	1055	1080
注
1150	1174	1051	1076
及
321	346	1072	1096
开
232	257	1073	1095
行
291	317	1071	1097
户
263	281	1071	1096
号
381	404	1072	1098
账
352	375	1072	1096
收
198	216	1123	1143
开
1038	1062	1125	1150
人
1107	1136	1125	1147
人
261	288	1125	1145
销
1411	1436	1124	1150
复
666	687	1124	1150
方
1488	1508	1124	1150
款
226	252	1123	1146
核
700	726	1124	1150
售
1450	1473	1123	1149
票
1073	1097	1123	1150
服
440	470	502	530
日
1485	1505	250	275
人
296	320	369	390
人
293	314	995	1017
购
1874	1895	718	742
买
1873	1894	748	771
方
1873	1896	777	801
