开
1423	1446	207	230
期
1516	1541	207	233
票
1454	1478	206	231
名
239	265	264	287
称
396	423	266	290
密
1160	1185	278	303
购
182	206	287	312
人
301	330	311	331
税
272	299	309	333
别
364	389	310	335
号
397	422	311	336
识
333	360	310	333
纳
243	266	308	332
买
182	204	333	357
地
240	267	353	377
址
287	313	353	376
电
353	374	355	378
码
1157	1183	341	365
话
395	422	357	379
方
181	206	377	403
账
364	391	400	424
开
240	265	400	423
及
333	360	400	424
户
270	292	398	424
区
1162	1181	402	423
号
395	421	400	426
行
300	329	398	425
物
219	248	448	473
货
187	213	448	472
务
395	420	449	474
务
498	523	450	475
名
528	553	451	474
格
698	726	451	476
规
665	693	453	475
单
862	887	452	479
单
1156	1180	452	480
价
1204	1231	453	478
税
1541	1567	454	477
劳
359	384	448	475
数
989	1014	454	478
号
765	789	452	478
率
1573	1599	452	479
税
1684	1710	454	477
额
1764	1788	454	477
额
1427	1452	454	478
税
324	352	449	473
量
1037	1062	455	478
称
564	589	451	475
型
732	756	452	476
或
256	283	447	474
位
890	916	454	477
应
289	316	448	473
金
1349	1376	453	477
计
459	485	783	810
合
285	314	782	809
大
428	455	843	869
小
1431	1456	836	860
税
292	321	845	870
计
365	390	844	871
写
1465	1486	836	860
价
255	285	845	871
合
328	355	843	869
写
467	489	844	869
名
229	254	907	931
称
387	413	905	931
税
260	284	947	973
别
354	379	946	973
号
387	412	946	973
识
323	350	948	971
纳
232	256	948	973
电
342	364	987	1012
址
276	303	988	1011
话
385	413	988	1012
地
228	257	988	1013
方
172	197	1011	1037
账
355	381	1028	1053
及
323	349	1029	1053
户
261	282	1028	1054
号
385	410	1028	1054
方
1495	1520	1067	1093
复
682	706	1074	1100
收
185	212	1082	1106
款
220	249	1082	1107
销
171	197	931	957
销
1421	1447	1068	1094
售
1460	1480	1067	1092
服
460	490	452	477
售
172	195	970	995
开
231	255	1029	1057
行
291	321	1027	1056
人
255	288	1082	1108
核
717	746	1073	1101
备
1164	1191	916	943
注
1164	1192	999	1026
开
1052	1080	1069	1094
票
1089	1117	1069	1097
人
1122	1151	1069	1097
人
290	318	945	971
日
1485	1510	204	234
购
1870	1892	662	686
买
1873	1893	692	714
方
1873	1897	721	745
