开
1561	1590	268	295
票
1599	1626	266	296
期
1671	1701	269	297
名
166	195	340	366
称
344	374	339	367
密
1249	1275	352	381
购
101	128	368	397
人
235	269	394	417
税
202	233	392	420
别
309	336	392	421
号
344	373	392	422
识
272	302	393	419
纳
169	196	393	420
码
1245	1275	426	454
买
101	126	422	449
电
295	319	445	473
址
219	251	445	472
话
344	375	448	473
地
165	197	446	473
方
100	128	474	504
账
309	340	499	527
开
166	196	500	527
及
273	304	500	527
行
236	268	498	528
区
1250	1272	500	525
户
202	226	498	528
号
345	374	500	529
务
344	372	557	586
务
462	490	557	587
名
497	527	558	585
货
108	137	557	586
物
145	175	558	585
格
699	731	558	587
税
262	294	558	586
规
659	692	560	587
单
893	922	559	592
单
1242	1271	560	592
价
1298	1330	561	590
税
1701	1731	563	590
劳
303	331	556	587
号
778	807	560	589
额
1565	1595	562	590
率
1738	1767	561	592
额
1957	1984	565	592
量
1100	1131	562	590
称
539	569	558	586
型
739	767	559	587
数
1043	1073	561	589
或
185	214	557	587
位
927	956	561	589
应
222	253	557	586
金
1471	1503	561	589
税
1865	1895	564	591
计
417	447	952	983
合
218	249	951	981
大
384	412	1023	1052
小
1563	1590	1017	1044
计
311	340	1023	1054
写
1601	1627	1017	1045
价
187	219	1023	1053
合
268	300	1022	1051
写
426	452	1024	1053
税
228	261	1023	1052
名
156	186	1096	1123
备
1248	1279	1111	1141
称
339	369	1095	1124
销
87	118	1123	1153
人
229	263	1144	1168
别
303	331	1142	1172
税
195	227	1142	1171
号
340	368	1142	1172
识
266	297	1143	1169
纳
160	187	1143	1171
址
213	244	1188	1216
电
290	313	1189	1216
地
156	190	1189	1217
售
87	114	1170	1198
话
339	370	1190	1216
方
87	117	1217	1247
注
1251	1279	1209	1237
及
266	298	1236	1264
开
157	188	1238	1265
户
194	219	1235	1266
行
230	262	1235	1266
号
340	367	1236	1265
账
304	334	1235	1264
人
1199	1232	1293	1317
开
1119	1149	1294	1322
销
1544	1582	1285	1312
人
189	223	1302	1326
收
102	134	1301	1329
复
680	708	1297	1326
核
720	752	1296	1325
票
1161	1189	1291	1322
款
144	179	1300	1329
服
417	451	558	590
方
1630	1660	1281	1316
售
1587	1615	1284	1315
日
1638	1661	268	296
