开
1463	1486	297	318
期
1552	1575	298	320
票
1493	1515	296	319
名
339	363	344	365
称
488	512	345	367
购
285	307	366	390
密
1215	1236	362	384
纳
342	364	387	409
税
370	396	387	410
人
397	425	388	408
别
457	480	387	412
号
488	511	388	412
识
427	453	388	409
码
1213	1237	421	442
买
284	306	410	432
地
339	365	430	452
址
383	409	430	451
电
446	466	430	453
话
486	512	433	454
方
284	308	453	477
账
457	482	474	497
开
339	364	474	496
及
427	452	474	496
行
397	424	473	497
户
368	389	472	497
号
486	510	474	498
区
1217	1235	479	499
务
485	508	521	545
务
581	603	521	545
名
609	634	521	543
货
290	314	521	544
物
320	346	521	543
规
741	768	523	544
格
774	800	522	545
税
418	444	521	544
单
931	955	524	550
型
806	829	523	545
劳
451	474	521	545
单
1211	1235	527	553
数
1052	1076	526	548
号
838	861	523	547
应
385	409	521	544
税
1579	1604	531	552
税
1713	1736	532	554
称
644	668	521	544
额
1471	1493	530	551
价
1257	1282	528	552
量
1098	1122	528	550
率
1609	1633	529	554
或
354	378	521	545
位
958	982	526	548
额
1786	1808	533	554
金
1395	1421	528	550
合
374	401	842	867
计
540	565	842	869
大
512	535	901	925
价
347	374	901	926
小
1471	1493	896	918
计
450	475	901	927
写
1502	1522	896	918
合
414	441	900	925
写
547	569	901	925
税
381	407	902	925
名
321	346	961	984
备
1216	1241	970	994
称
473	499	961	984
销
263	289	984	1009
别
442	466	999	1024
号
473	497	1000	1025
识
412	438	1001	1023
纳
323	346	1000	1024
址
367	393	1038	1062
电
431	451	1038	1061
地
321	349	1039	1062
售
264	285	1022	1046
话
472	498	1040	1061
注
1218	1240	1049	1073
方
264	288	1062	1087
账
443	469	1077	1101
及
412	438	1078	1100
开
322	347	1079	1102
行
381	409	1077	1102
户
353	373	1077	1102
号
473	496	1077	1102
开
1113	1136	1117	1138
人
1178	1206	1117	1136
复
755	778	1122	1144
售
1494	1515	1112	1135
收
275	300	1130	1151
人
345	374	1131	1149
票
1147	1170	1115	1140
核
789	815	1122	1143
款
309	337	1130	1151
服
545	573	518	549
销
1459	1484	1110	1141
方
1529	1549	1112	1141
税
352	380	999	1026
人
381	409	1000	1025
日
1526	1544	296	319
购
1884	1903	731	753
买
1885	1903	759	780
方
1885	1906	786	808
