日
1493	1508	211	232	232
开
1420	1444	212	235	235
期
1521	1547	210	234	234
票
1454	1477	209	236	236
名
206	228	286	309	309
称
354	378	282	307	307
密
1142	1164	290	315	315
购
151	172	307	332	332
人
266	292	332	353	353
别
326	347	329	355	355
号
355	378	329	355	355
识
295	319	331	354	354
纳
208	230	332	356	356
税
237	263	332	356	356
码
1139	1165	356	380	380
买
151	172	357	381	381
电
313	333	376	399	399
址
251	276	377	400	400
地
205	232	378	401	401
话
355	380	377	399	399
方
150	174	405	430	430
及
297	321	423	446	446
区
1142	1162	420	442	442
账
328	351	422	446	446
开
206	231	425	446	446
行
267	292	423	448	448
户
238	256	423	448	448
号
356	380	422	447	447
务
360	382	471	496	496
务
444	466	471	496	496
单
1137	1162	470	499	499
格
663	690	471	497	497
单
830	855	471	499	499
型
697	721	472	496	496
规
630	657	473	496	496
物
208	233	473	496	496
额
1423	1447	470	494	494
货
180	203	473	496	496
号
731	755	472	498	498
数
962	987	472	496	496
价
1188	1214	471	497	497
额
1772	1796	470	493	493
量
1012	1037	472	497	497
应
268	293	472	496	496
名
471	495	472	495	495
称
503	528	471	496	496
位
860	886	473	497	497
金
1338	1365	470	495	495
劳
328	352	470	496	496
税
1541	1568	470	493	493
税
1688	1714	470	493	493
税
299	325	472	496	496
或
239	263	472	497	497
计
427	453	809	835	835
合
257	282	809	834	834
大
400	423	869	894	894
小
1413	1436	865	888	888
计
336	361	869	895	895
写
1447	1468	865	888	888
价
232	257	870	894	894
合
301	326	869	894	894
写
436	457	870	894	894
税
267	293	871	894	894
名
209	232	931	954	954
称
361	386	931	954	954
备
1141	1166	945	969	969
销
151	176	945	970	970
人
269	295	973	993	993
别
332	354	970	995	995
号
363	386	970	996	996
税
239	266	971	995	995
识
300	326	972	994	994
纳
210	232	971	994	994
电
319	341	1010	1033	1033
址
254	281	1010	1033	1033
售
153	172	994	1018	1018
话
362	388	1011	1032	1032
地
208	236	1011	1034	1034
注
1141	1164	1025	1049	1049
方
151	177	1042	1068	1068
及
297	322	1049	1073	1073
开
209	235	1051	1074	1074
行
268	295	1049	1075	1075
户
238	261	1048	1074	1074
号
363	386	1049	1074	1074
账
330	354	1049	1073	1073
人
1099	1127	1098	1120	1120
复
648	670	1099	1125	1125
收
152	177	1105	1130	1130
款
187	214	1103	1129	1129
人
224	253	1106	1127	1127
核
684	710	1099	1124	1124
开
1030	1054	1098	1122	1122
服
405	435	472	499	499
销
1441	1463	1093	1120	1120
售
1478	1499	1092	1120	1120
方
1513	1536	1090	1120	1120
率
1577	1599	468	492	492
票
1064	1088	1094	1123	1123
购
1874	1896	688	713	0
买
1872	1896	718	743	0
方
1873	1897	747	773	0
