开
1440	1463	231	253
票
1472	1494	229	253
期
1533	1556	231	254
名
325	345	275	296
称
468	491	278	301
购
272	291	297	320
密
1185	1205	297	319
人
379	405	319	339
税
351	376	317	339
别
438	460	320	343
号
467	490	320	344
纳
323	345	316	339
识
409	433	320	340
买
270	288	339	361
码
1181	1205	355	377
址
364	389	359	380
电
426	444	361	383
地
319	345	358	380
话
465	489	364	384
方
266	288	380	404
开
319	343	402	423
及
407	430	404	425
户
348	368	401	424
行
381	403	402	426
账
437	459	404	426
号
465	486	404	428
区
1184	1202	413	433
务
557	576	451	475
名
582	605	451	473
货
271	293	446	468
格
740	764	452	475
服
522	547	453	474
物
300	325	447	469
税
397	422	449	471
单
895	918	455	481
型
771	792	453	475
规
708	734	453	474
劳
429	452	448	473
号
803	825	454	478
务
464	484	449	473
单
1178	1201	461	487
或
334	358	447	471
称
616	638	452	474
应
365	389	448	470
位
923	946	457	479
量
1063	1087	461	483
数
1016	1040	459	481
价
1225	1249	463	487
额
1442	1466	467	489
税
1556	1581	468	490
税
1700	1725	469	492
率
1588	1613	467	492
金
1366	1390	465	487
额
1781	1804	471	493
计
504	527	764	790
合
345	371	762	786
大
473	496	822	846
税
350	373	820	844
价
318	342	820	844
计
415	437	821	846
合
381	406	820	844
写
508	529	823	847
小
1441	1464	840	862
写
1474	1494	841	864
名
287	310	878	901
称
433	457	881	904
销
230	254	900	924
备
1176	1201	910	935
人
342	369	920	940
别
401	424	919	944
号
432	454	920	944
识
372	396	919	941
纳
286	309	917	940
税
316	339	918	941
售
227	247	938	961
址
325	350	956	979
地
281	308	956	979
电
388	406	957	981
话
429	454	960	982
方
223	248	977	1002
开
280	303	996	1018
及
368	392	997	1020
户
309	329	994	1019
行
338	364	995	1022
号
428	450	997	1023
注
1177	1199	992	1015
账
398	422	997	1021
收
226	251	1046	1067
人
295	321	1048	1067
核
736	762	1051	1074
开
1067	1091	1058	1079
人
1135	1163	1060	1080
复
701	723	1050	1074
款
261	285	1046	1069
销
1432	1457	1067	1091
票
1102	1126	1057	1081
售
1468	1496	1066	1095
方
1506	1532	1066	1095
日
1505	1525	229	252
购
1891	1912	678	702
买
1892	1911	708	730
方
1892	1913	737	760
