开
1387	1410	243	264
期
1476	1500	243	265
票
1417	1439	241	265
名
268	291	298	319
称
414	437	298	320
购
214	236	316	339
密
1136	1157	310	333
税
297	322	339	361
人
324	351	341	359
别
383	406	340	363
号
413	436	340	364
识
353	378	340	361
纳
268	291	339	361
码
1134	1158	368	390
买
211	232	361	383
地
263	289	381	402
址
308	333	381	402
电
370	390	381	403
话
410	436	383	404
方
209	233	404	428
开
263	288	423	445
账
381	405	423	446
及
350	376	424	445
行
321	347	422	446
户
293	313	422	446
区
1138	1157	425	445
号
410	434	424	447
货
235	258	467	489
物
262	287	468	489
务
413	434	468	491
务
490	512	468	491
名
515	538	469	490
规
662	689	470	491
格
694	720	469	492
服
458	484	469	491
单
850	873	470	496
单
1134	1157	471	496
税
1642	1668	471	494
型
726	748	470	492
税
351	377	468	490
数
971	995	472	494
劳
381	404	467	492
额
1722	1745	471	493
应
321	345	467	490
号
757	780	471	494
额
1395	1419	472	494
率
1536	1560	470	495
价
1181	1205	472	495
称
545	570	468	491
量
1017	1042	472	494
或
293	317	467	491
位
877	901	472	494
金
1318	1343	471	493
税
1505	1530	472	493
计
459	483	784	810
合
292	319	784	809
大
427	451	842	866
写
1432	1452	840	863
税
298	324	844	867
小
1400	1422	840	862
计
367	391	842	869
价
263	290	843	868
合
331	358	842	867
写
463	484	843	867
名
234	260	904	927
称
387	413	902	926
备
1140	1166	917	941
销
178	205	918	943
纳
235	259	943	967
人
293	321	944	964
别
354	379	941	967
税
265	291	943	967
号
386	410	941	968
识
324	350	943	965
电
341	361	981	1005
地
231	258	982	1006
址
277	303	982	1005
话
382	409	982	1005
售
176	199	965	990
注
1142	1165	998	1022
方
175	199	1014	1040
账
350	376	1021	1045
及
319	345	1022	1045
开
230	256	1023	1046
行
288	316	1020	1047
户
260	282	1021	1047
号
381	405	1021	1047
开
1032	1057	1069	1093
人
1100	1127	1069	1089
销
1428	1453	1067	1093
方
1502	1526	1067	1092
收
184	210	1076	1100
人
254	283	1077	1098
复
667	690	1071	1097
售
1465	1487	1067	1091
核
701	727	1070	1096
票
1067	1091	1067	1093
款
218	246	1075	1100
日
1444	1472	239	268
购
1836	1856	674	697
买
1837	1857	704	725
方
1838	1860	731	754
