期
1505	1531	198	222
开
1409	1434	199	223
日
1480	1494	199	220
票
1442	1466	197	223
称
369	394	267	292
密
1139	1161	276	300
购
159	184	289	314
纳
218	241	314	338
号
368	393	313	339
识
306	333	314	336
码
1136	1163	339	363
电
325	347	358	382
地
214	243	359	383
话
366	394	360	382
方
157	183	385	412
账
337	364	403	428
号
368	393	403	429
区
1140	1160	400	423
及
306	333	404	428
户
246	268	403	428
税
1676	1704	448	473
务
453	477	451	476
价
1185	1212	451	476
应
277	303	451	476
务
372	396	451	477
税
1530	1557	449	473
名
480	505	452	475
规
636	664	452	475
格
669	697	451	476
单
834	859	450	479
数
964	990	452	476
量
1012	1039	452	476
单
1136	1160	450	478
货
187	212	453	476
物
215	243	453	477
型
703	727	451	476
额
1759	1784	448	473
率
1564	1590	447	474
劳
340	364	451	477
号
737	762	452	477
服
419	447	452	476
额
1413	1439	450	473
称
512	538	451	475
位
864	890	452	475
金
1331	1359	449	474
或
248	275	451	477
税
308	337	452	477
计
430	456	787	814
合
260	287	787	814
大
401	425	848	873
写
436	459	848	874
小
1412	1436	840	864
价
232	261	849	876
税
268	296	849	874
计
338	364	848	875
写
1446	1467	840	865
合
302	330	847	874
名
205	232	911	936
备
1141	1168	921	947
称
362	388	909	935
号
361	387	950	977
别
330	355	950	977
识
299	326	951	975
纳
208	233	951	976
售
149	172	974	1000
地
206	234	990	1017
电
317	339	991	1015
话
359	387	992	1015
注
1143	1167	1005	1030
方
148	175	1024	1051
号
360	385	1031	1058
账
329	355	1031	1056
及
297	324	1032	1056
行
266	294	1031	1058
开
206	233	1033	1057
户
237	259	1030	1058
销
1437	1463	1075	1102
人
1099	1127	1077	1099
开
1030	1055	1078	1102
方
1513	1539	1075	1102
核
688	716	1081	1108
复
652	677	1082	1109
款
197	226	1086	1112
收
161	189	1087	1111
人
232	262	1088	1110
售
1476	1498	1074	1100
税
242	273	313	339
名
217	243	270	295
别
339	364	313	339
买
159	183	336	365
址
262	287	358	383
开
215	243	405	429
行
279	301	402	431
销
147	179	924	951
址
252	282	990	1017
人
276	303	312	337
税
237	267	951	978
人
269	295	952	975
票
1065	1089	1074	1102
购
1871	1893	665	689
买
1871	1893	695	718
方
1871	1895	725	750
