开
1283	1305	289	309
期
1367	1388	286	307
票
1312	1332	286	308
名
250	269	351	371
密
1055	1073	356	377
购
199	218	372	393
人
302	327	391	409
别
358	379	390	412
号
386	407	391	412
税
277	300	390	411
纳
250	270	390	410
码
1053	1075	410	430
买
198	217	412	432
址
289	312	429	449
电
348	365	430	449
话
385	408	431	449
方
198	218	451	473
区
1057	1074	463	481
及
331	353	469	489
开
249	271	470	490
户
277	294	468	490
行
302	326	468	490
号
385	407	469	490
账
360	380	469	489
额
1589	1610	499	518
税
1517	1540	500	521
单
1053	1074	507	530
税
1390	1413	503	524
单
794	815	508	532
率
1418	1441	501	524
务
386	405	511	532
名
501	523	511	531
格
652	675	511	532
额
1290	1311	505	525
规
622	647	512	531
物
233	255	513	533
型
680	700	510	531
价
1095	1118	507	529
税
322	346	511	532
号
709	730	510	532
量
948	970	509	529
货
207	226	513	533
金
1222	1245	504	525
劳
353	374	510	533
数
906	928	509	529
务
476	495	511	532
位
819	841	510	530
称
532	555	511	532
或
264	285	512	533
应
292	314	511	532
计
442	464	802	824
合
288	311	805	827
小
1296	1316	839	859
写
1325	1343	839	859
大
417	437	856	877
计
359	382	856	880
写
448	468	855	877
合
328	351	857	879
价
265	288	859	880
税
296	320	858	879
备
1064	1086	912	933
名
242	263	914	934
称
380	403	911	931
人
299	321	950	967
销
190	211	936	957
号
381	402	946	969
别
352	373	946	969
识
324	347	948	968
纳
243	264	949	970
税
270	294	949	970
售
190	208	972	992
址
282	306	984	1004
话
380	403	983	1002
电
342	359	983	1003
地
240	265	985	1006
方
190	211	1006	1029
及
325	347	1019	1039
号
380	401	1017	1039
行
296	320	1019	1042
账
353	375	1018	1039
开
242	263	1022	1038
户
271	287	1019	1040
销
1288	1311	1041	1064
方
1356	1377	1041	1063
人
1029	1053	1048	1066
售
1322	1342	1041	1062
复
642	661	1053	1077
票
999	1020	1046	1069
核
672	694	1052	1077
人
269	291	1069	1087
款
234	257	1068	1089
收
203	224	1069	1089
注
1065	1086	984	1005
服
443	465	512	533
称
385	409	350	373
地
248	273	429	452
识
330	354	389	411
日
1342	1360	284	308
开
968	990	1046	1070
购
1693	1711	680	701
买
1693	1711	707	726
方
1694	1715	732	753
