开
1421	1444	209	231
期
1515	1539	207	229
票
1453	1476	206	231
密
1165	1185	280	303
名
276	298	276	296
称
425	449	276	299
购
216	239	297	320
人
333	360	320	339
别
394	417	319	343
税
304	330	319	341
号
425	448	319	344
识
364	389	320	341
纳
275	297	318	340
码
1163	1187	339	361
买
214	236	339	362
址
317	343	360	382
电
382	402	362	384
话
423	448	364	385
方
212	235	382	406
区
1167	1186	398	418
开
269	294	404	426
及
363	387	406	428
行
330	358	403	429
账
394	417	405	428
户
301	321	403	427
号
423	446	405	429
单
1162	1186	447	473
格
712	738	450	474
货
217	241	450	473
税
1690	1716	444	466
额
1772	1794	444	466
单
872	895	449	475
数
997	1021	449	472
务
421	443	451	476
务
519	541	451	476
名
548	572	451	473
税
1546	1572	445	468
率
1578	1603	444	469
型
745	767	450	473
规
680	706	451	473
号
777	800	450	475
量
1044	1069	450	472
税
352	378	452	475
价
1210	1235	448	472
劳
386	410	451	476
应
317	343	451	474
额
1431	1455	447	470
位
901	924	450	473
金
1353	1379	447	470
称
582	606	452	475
或
284	309	450	475
计
474	498	775	801
合
302	329	776	802
大
443	466	835	859
小
1442	1465	827	850
税
308	335	837	862
写
1476	1496	826	850
计
380	405	835	863
价
273	300	837	862
写
478	501	835	860
合
344	371	835	861
名
243	269	899	923
备
1174	1199	907	933
称
400	426	896	922
销
185	211	923	949
人
305	332	940	962
别
367	391	937	964
税
275	301	939	964
号
399	423	938	964
识
336	362	939	962
纳
245	268	939	964
售
183	205	962	988
电
353	373	978	1003
址
287	314	979	1003
地
240	268	979	1004
话
396	422	979	1003
注
1176	1200	991	1016
方
181	206	1003	1029
账
364	388	1019	1045
及
332	356	1020	1045
开
239	264	1021	1046
户
269	291	1019	1046
行
299	327	1019	1047
号
393	418	1018	1045
人
1134	1162	1065	1086
开
1064	1089	1065	1090
复
686	709	1068	1095
核
721	748	1068	1095
收
189	215	1076	1101
款
225	252	1075	1101
人
262	290	1077	1098
票
1100	1124	1063	1090
销
1436	1469	1062	1093
售
1477	1499	1062	1093
方
1513	1539	1060	1093
物
249	275	449	473
地
268	299	361	383
日
1486	1505	206	231
服
482	509	454	477
购
1890	1910	650	674
买
1892	1912	680	702
方
1894	1916	709	733
