开
1384	1411	214	239
日
1459	1474	214	236
期
1485	1512	212	239
票
1419	1444	211	239
名
158	185	300	324
密
1105	1128	295	320
称
319	343	301	325
购
97	121	321	348
纳
163	187	347	371
税
193	223	347	371
别
288	312	346	372
号
319	344	346	372
识
256	283	347	370
码
1102	1129	361	385
买
99	124	372	397
电
275	296	392	416
地
160	190	393	417
址
210	238	393	416
话
319	345	394	416
方
101	127	421	447
区
1107	1128	425	448
及
258	285	439	462
开
163	190	440	463
行
225	255	437	464
户
195	216	438	464
号
320	345	437	463
税
1660	1689	473	498
税
1511	1539	475	499
单
1101	1127	477	507
额
1744	1770	473	497
率
1543	1571	473	501
单
791	816	481	510
额
1389	1416	476	501
数
924	951	481	506
格
625	653	484	510
名
432	457	486	510
规
591	619	486	510
劳
292	317	487	513
务
325	347	487	512
价
1152	1181	478	504
型
659	684	484	509
税
261	288	488	512
物
167	194	490	513
货
137	164	489	514
量
975	1002	481	506
号
693	718	484	510
金
1306	1335	475	501
位
821	847	483	508
应
231	257	488	513
称
463	489	485	510
或
200	228	489	514
计
383	409	828	856
合
214	241	828	855
小
1391	1415	876	900
大
353	378	889	914
价
186	214	889	915
税
221	248	890	915
写
1422	1445	876	901
计
291	316	889	917
合
255	282	888	915
写
391	413	889	914
名
160	185	954	979
备
1110	1137	964	990
称
314	340	954	979
销
104	130	967	993
别
283	307	994	1021
号
315	340	995	1020
识
252	279	995	1019
纳
163	186	995	1019
电
273	294	1034	1058
售
104	127	1016	1042
址
208	235	1035	1058
话
316	342	1036	1059
地
161	189	1035	1059
注
1112	1137	1049	1077
方
99	128	1066	1092
开
157	183	1076	1101
行
217	247	1074	1102
号
312	337	1075	1101
人
1067	1097	1125	1149
开
994	1020	1126	1153
方
1505	1531	1122	1150
人
164	195	1132	1151
复
600	625	1127	1155
核
637	666	1127	1154
票
1031	1057	1123	1152
收
94	122	1126	1158
款
129	159	1127	1157
销
1424	1450	1120	1152
售
1461	1496	1116	1152
服
374	397	489	512
务
404	427	486	513
税
192	221	993	1020
人
225	249	994	1018
人
229	253	347	372
账
281	306	1073	1102
及
253	273	1075	1099
户
190	210	1075	1099
账
290	314	437	464
购
1865	1888	693	718
买
1866	1888	726	749
方
1867	1892	756	781
