开
1429	1453	221	242
票
1461	1484	220	244
期
1523	1550	221	244
名
273	297	248	270
称
425	448	255	278
购
217	239	269	293
密
1166	1187	285	309
别
393	415	297	321
号
422	446	298	322
人
331	358	296	315
纳
274	296	292	315
税
303	327	294	316
识
362	386	296	317
买
215	236	314	337
地
268	295	335	358
址
314	340	337	358
电
379	398	340	362
话
419	445	343	364
码
1161	1186	346	369
方
213	236	357	381
开
268	292	380	402
及
357	383	383	405
户
297	318	379	403
行
327	354	380	406
号
418	441	385	409
账
388	413	383	406
区
1163	1182	406	426
货
218	241	425	448
物
248	273	427	448
务
416	438	431	456
务
513	535	435	459
名
542	565	436	458
劳
380	403	430	455
规
675	702	442	464
格
708	733	442	466
或
281	306	427	452
税
347	373	430	453
型
740	762	444	466
应
313	338	428	451
单
866	890	446	473
称
576	601	438	461
号
772	795	445	469
数
990	1015	451	475
单
1156	1180	455	482
位
894	919	449	471
量
1038	1063	454	477
价
1204	1230	458	482
税
1542	1569	467	490
额
1427	1452	464	487
率
1575	1601	466	493
税
1688	1715	470	493
金
1348	1375	461	484
额
1773	1798	472	495
计
462	486	758	785
合
294	319	754	779
价
262	289	813	838
大
428	451	817	842
计
367	392	816	842
合
331	357	814	839
税
297	323	815	839
写
464	487	819	843
小
1421	1445	847	870
写
1455	1476	848	872
名
232	257	871	897
称
385	411	878	902
销
173	199	895	920
人
291	318	917	937
备
1149	1175	917	942
别
352	376	917	942
号
384	407	918	943
纳
233	256	914	938
税
262	288	914	939
识
322	346	916	939
售
172	193	934	959
地
227	255	953	977
址
274	300	954	977
电
338	358	956	980
话
379	406	959	982
方
169	194	974	1000
开
227	252	994	1018
及
317	342	997	1020
账
348	373	997	1022
户
258	278	993	1018
行
287	314	994	1021
号
378	402	998	1024
注
1148	1172	1000	1024
收
179	204	1046	1069
人
251	279	1049	1070
款
214	242	1046	1070
复
665	687	1056	1083
开
1035	1060	1069	1093
人
1103	1132	1072	1093
核
699	725	1057	1083
票
1070	1094	1068	1095
销
1404	1431	1082	1108
方
1482	1507	1085	1111
售
1443	1466	1083	1108
日
1495	1515	216	248
服
478	502	434	459
购
1883	1904	686	709
买
1882	1903	717	739
方
1883	1907	746	770
