开
1405	1430	173	196
期
1503	1529	173	197
票
1439	1463	171	197
名
209	232	231	253
称
362	386	232	255
密
1134	1155	244	269
购
157	179	258	280
税
237	263	275	298
人
267	294	277	297
别
329	353	276	301
号
361	384	276	301
纳
207	230	274	297
识
298	324	276	298
买
154	172	300	323
地
202	230	318	342
址
249	276	319	342
电
315	335	320	343
话
357	382	322	344
码
1129	1156	308	331
方
149	170	344	368
及
293	318	365	388
开
201	227	365	387
行
263	289	364	389
户
232	254	364	388
号
356	379	365	390
区
1133	1153	370	391
账
325	350	365	388
务
450	475	412	438
物
178	205	412	435
名
480	507	413	436
货
152	173	412	436
务
353	375	414	438
服
412	440	413	437
格
656	684	416	442
税
282	308	413	437
单
823	848	418	446
型
690	714	417	441
劳
316	342	413	438
规
623	650	418	440
单
1126	1152	421	450
应
247	273	413	437
数
953	980	421	445
号
724	748	418	443
税
1678	1706	428	451
称
517	544	414	439
税
1528	1555	427	450
或
214	240	412	437
量
1003	1030	422	446
额
1408	1434	426	450
位
852	878	421	444
价
1176	1204	423	449
率
1561	1588	425	453
额
1765	1790	429	452
金
1326	1355	423	448
计
401	427	753	780
合
226	254	751	777
大
372	396	815	840
税
234	261	814	839
计
305	331	814	842
价
198	226	813	840
合
268	296	813	839
写
408	431	815	841
小
1409	1433	823	848
写
1443	1465	824	849
名
164	193	875	897
称
325	353	876	900
备
1128	1156	899	924
人
216	245	914	935
税
187	214	913	936
别
280	311	914	940
纳
155	183	912	935
识
251	277	914	936
地
140	169	950	974
电
262	280	953	976
话
305	334	956	978
方
73	103	971	998
开
132	159	991	1016
账
260	288	993	1019
注
1132	1158	982	1007
户
162	188	990	1017
收
78	101	1047	1073
人
146	176	1049	1072
开
1009	1038	1055	1082
人
1085	1117	1056	1079
款
110	136	1047	1074
复
598	624	1052	1080
售
1459	1484	1059	1087
销
1416	1445	1059	1088
核
638	668	1052	1080
票
1049	1075	1054	1082
号
312	343	912	940
日
1474	1494	172	196
销
101	132	894	920
售
87	118	930	957
址
190	223	947	978
号
292	324	991	1021
方
1497	1532	1061	1092
行
199	225	991	1021
及
230	255	990	1021
购
1880	1901	647	672
买
1880	1901	679	702
方
1881	1905	709	734
