开
1428	1452	242	263
日
1497	1511	243	263
票
1460	1483	240	264
期
1522	1547	242	265
名
288	311	278	299
称
436	461	282	305
购
238	257	300	323
密
1168	1190	307	329
人
345	373	324	344
别
406	428	325	349
号
436	459	326	349
纳
289	311	321	343
识
376	401	324	345
税
317	342	322	344
买
235	254	344	366
址
330	356	365	386
电
394	413	367	389
码
1164	1189	367	389
地
284	311	364	386
话
433	459	370	391
方
231	254	386	409
开
284	309	408	430
及
374	398	411	432
户
314	335	407	431
行
344	370	408	433
号
433	456	412	435
账
404	428	410	433
区
1166	1185	426	446
货
235	258	453	476
物
265	291	454	476
务
432	453	458	481
务
527	548	460	483
名
553	577	461	482
规
682	708	463	485
格
713	740	462	486
劳
396	420	457	481
型
746	768	464	487
单
872	896	466	493
或
300	324	455	479
号
778	801	465	489
应
332	356	456	478
税
364	390	457	480
数
995	1020	471	494
称
587	610	461	484
服
492	518	461	483
单
1160	1183	475	501
位
900	924	469	491
量
1043	1068	474	496
税
1543	1569	485	507
价
1208	1233	477	501
额
1428	1452	482	505
率
1575	1601	483	509
额
1770	1794	489	511
金
1350	1376	479	502
计
474	497	779	805
合
312	338	775	799
大
442	466	837	861
价
283	309	833	858
计
383	406	835	861
合
348	375	834	859
税
316	341	835	858
写
477	499	838	862
小
1422	1445	861	883
写
1456	1477	862	885
名
253	278	893	915
称
402	426	896	920
销
195	220	914	938
备
1154	1180	930	955
人
309	337	935	955
别
369	393	935	960
号
400	424	936	961
纳
253	278	932	955
识
340	364	935	957
税
283	307	933	957
售
193	215	952	976
地
248	276	971	994
址
293	319	972	994
电
357	375	973	997
话
397	423	976	998
方
189	215	992	1017
开
247	272	1011	1034
及
336	361	1013	1037
行
305	332	1011	1037
户
276	297	1010	1035
号
397	420	1014	1039
注
1154	1177	1012	1035
账
366	391	1013	1037
收
193	219	1061	1083
人
262	289	1064	1084
款
227	253	1062	1085
开
1043	1068	1078	1101
人
1111	1140	1080	1101
复
673	696	1069	1093
核
707	736	1069	1093
票
1078	1102	1077	1102
税
1687	1716	488	511
销
1413	1437	1087	1114
售
1447	1472	1088	1116
方
1486	1509	1088	1120
购
1879	1899	700	723
买
1878	1899	730	752
方
1878	1900	758	783
