开
1435	1461	218	243
期
1533	1559	217	243
票
1469	1492	216	243
名
166	195	296	321
称
334	360	294	320
密
1157	1179	297	323
购
105	130	319	346
人
235	267	347	369
税
202	233	345	371
别
303	328	344	371
号
336	361	344	371
识
269	299	346	369
纳
171	196	345	371
码
1154	1181	365	390
买
105	130	371	397
电
291	314	393	418
址
219	249	394	418
地
167	198	394	419
话
336	363	394	418
方
106	133	423	450
区
1160	1180	430	453
账
307	334	442	468
及
272	302	443	467
开
171	199	444	470
户
205	228	442	470
号
339	364	442	469
行
238	267	442	470
税
1707	1735	476	500
税
1561	1588	478	503
额
1790	1816	475	499
单
1155	1181	482	511
率
1593	1619	476	503
额
1441	1467	479	505
单
839	866	486	515
数
975	1003	485	511
格
664	694	489	515
务
429	455	491	518
名
458	485	491	516
务
344	368	492	520
价
1206	1234	483	509
物
173	201	495	521
货
141	167	496	522
税
274	304	494	520
规
628	658	491	515
量
1027	1054	485	511
号
736	761	489	515
金
1357	1385	479	505
劳
309	335	492	520
位
870	897	488	513
型
700	725	489	515
称
493	521	490	516
或
208	236	494	522
应
240	268	494	521
计
418	444	849	878
合
233	264	852	879
小
1443	1466	882	907
写
1476	1498	882	906
大
389	414	913	938
计
321	348	914	942
税
244	275	917	943
价
205	236	918	945
写
426	449	913	939
合
282	312	914	941
备
1167	1195	975	1001
名
180	207	984	1009
称
349	376	978	1004
销
116	146	1001	1028
人
248	280	1025	1047
别
316	342	1020	1048
号
351	377	1020	1047
税
216	245	1025	1051
识
282	311	1023	1047
纳
185	209	1025	1051
电
304	327	1064	1088
话
351	379	1063	1087
址
234	263	1066	1091
地
183	213	1068	1093
售
119	144	1053	1079
注
1172	1196	1061	1087
账
318	346	1105	1132
及
283	312	1107	1132
方
120	148	1105	1132
开
185	212	1111	1137
号
352	378	1103	1131
行
249	279	1107	1135
户
218	240	1109	1137
售
1505	1528	1117	1143
销
1466	1493	1119	1145
方
1544	1568	1116	1143
开
1055	1081	1137	1162
人
1127	1156	1137	1159
复
664	688	1149	1176
票
1092	1117	1135	1162
核
700	728	1148	1175
人
215	248	1168	1190
收
136	166	1170	1196
款
175	206	1168	1194
服
391	421	492	520
日
1502	1525	215	241
购
1901	1922	695	719
买
1901	1922	726	749
方
1902	1925	756	780
