开
1412	1435	215	235
期
1503	1527	211	233
票
1443	1465	212	235
名
304	327	305	325
密
1164	1184	291	313
称
447	471	300	322
购
254	274	325	348
人
361	387	345	364
别
419	440	342	366
号
448	470	342	365
税
334	359	345	367
识
390	414	344	365
纳
307	328	346	368
码
1164	1188	348	370
电
408	427	384	406
买
253	272	370	391
话
447	471	384	405
址
347	371	386	407
地
302	328	387	409
区
1169	1187	405	426
方
251	273	413	437
账
420	443	426	448
及
391	415	427	448
行
362	387	427	451
开
304	327	430	451
号
448	470	425	448
户
333	352	428	451
税
1673	1699	436	458
额
1752	1776	434	456
税
1536	1561	440	463
率
1567	1591	438	463
额
1428	1450	444	466
单
1166	1189	451	477
数
1005	1029	456	479
单
885	907	459	484
价
1213	1237	451	474
金
1349	1375	445	468
格
731	756	463	486
量
1051	1074	456	478
型
762	784	462	485
务
529	550	467	491
名
554	577	467	489
务
451	473	469	492
规
700	725	466	487
号
793	815	462	485
税
392	416	471	494
位
912	935	460	482
物
304	328	474	495
货
278	300	474	497
劳
421	443	469	493
称
584	607	466	488
或
334	358	472	496
应
362	386	472	494
计
508	532	781	807
合
342	368	787	811
小
1442	1464	811	833
写
1474	1493	810	833
大
477	500	841	864
计
416	441	842	868
税
348	374	845	869
价
314	340	846	871
写
512	534	840	864
合
381	407	843	868
备
1186	1211	895	919
名
287	311	907	930
称
438	462	901	925
销
231	257	922	947
人
345	372	946	966
别
406	430	941	967
号
437	461	941	966
税
317	342	945	969
识
376	401	944	966
纳
287	311	946	969
电
394	414	982	1005
址
330	356	984	1007
售
230	252	970	995
地
285	311	985	1009
注
1190	1213	976	999
话
436	462	981	1003
账
401	427	1020	1043
及
370	395	1022	1044
方
227	254	1019	1043
开
283	309	1026	1047
号
434	459	1019	1043
户
311	335	1023	1048
人
1153	1181	1044	1064
票
1120	1144	1043	1069
复
715	737	1056	1080
核
749	776	1055	1079
人
296	325	1076	1096
收
225	251	1076	1099
款
261	287	1075	1099
服
494	523	468	493
开
1084	1110	1044	1069
销
1486	1511	1035	1059
售
1523	1545	1033	1057
方
1557	1583	1029	1057
行
342	367	1021	1048
日
1474	1494	209	237
购
1867	1887	634	656
买
1869	1888	663	685
方
1871	1893	691	714
