开
1396	1422	144	168	168
期
1494	1520	141	167	167
票
1430	1454	141	168	168
名
190	218	221	244	244
密
1125	1147	224	249	249
购
132	157	244	270	270
人
253	282	267	289	289
税
225	252	266	291	291
别
315	338	264	290	290
号
345	369	261	289	289
识
284	310	266	289	289
纳
194	218	266	291	291
码
1121	1148	288	312	312
电
303	324	310	334	334
地
192	220	312	336	336
买
132	157	291	315	315
方
132	158	331	363	363
区
1127	1147	351	373	373
账
316	341	356	381	381
及
285	312	357	381	381
开
193	219	359	383	383
行
254	281	357	383	383
户
224	245	356	383	383
号
345	370	355	382	382
额
1749	1774	396	421	421
务
446	471	404	430	430
名
476	502	404	428	428
税
1665	1692	397	421	421
务
345	369	405	431	431
单
820	845	404	433	433
税
1517	1545	399	423	423
率
1551	1578	397	425	425
额
1400	1425	401	425	425
物
174	201	408	432	432
税
276	304	407	432	432
型
685	711	405	430	430
规
620	648	403	430	430
价
1170	1198	403	429	429
号
721	745	406	431	431
量
999	1025	405	430	430
单
1121	1152	403	431	431
数
949	976	404	429	429
应
242	268	407	433	433
金
1319	1347	400	425	425
称
513	540	405	429	429
位
849	875	406	431	431
或
210	237	407	433	433
劳
310	335	405	435	435
货
138	167	408	437	437
计
414	439	745	773	773
合
240	268	746	773	773
写
1436	1458	792	817	817
小
1401	1425	793	816	816
大
383	410	806	831	831
价
213	243	808	835	835
税
250	278	808	833	833
计
321	347	807	835	835
写
422	444	807	832	832
合
285	314	807	833	833
名
187	214	872	895	895
备
1129	1156	874	899	899
称
346	372	869	895	895
销
128	155	895	922	922
纳
191	215	912	938	938
人
250	280	913	934	934
税
221	248	911	937	937
别
313	338	910	937	937
号
346	371	910	937	937
识
282	309	911	935	935
电
302	323	951	976	976
址
235	264	952	976	976
话
344	372	952	975	975
售
124	153	934	961	961
地
187	216	952	977	977
账
314	341	992	1017	1017
及
282	310	993	1017	1017
开
190	215	994	1019	1019
户
221	242	992	1019	1019
号
345	371	991	1018	1018
售
1427	1450	1025	1050	1050
销
1387	1415	1025	1051	1051
方
1465	1491	1026	1052	1052
复
644	668	1033	1062	1062
收
145	174	1047	1072	1072
核
679	705	1035	1062	1062
款
183	211	1047	1072	1072
注
1130	1156	957	982	982
方
128	154	976	1002	1002
址
237	266	310	336	336
话
345	371	309	335	335
人
219	247	1047	1070	1070
服
409	439	405	433	433
行
251	279	991	1019	1019
称
344	370	217	243	243
格
653	681	404	432	432
日
1464	1486	139	169	169
开
1017	1044	1028	1054	1054
票
1056	1081	1025	1057	1057
人
1089	1118	1025	1058	1058
购
1859	1882	610	636	636
方
1860	1884	670	696	0
买
1860	1883	640	665	0
