开
1452	1477	190	213
票
1485	1509	189	214
期
1547	1573	192	217
名
281	305	224	247
称
431	454	228	251
购
225	248	244	268
密
1185	1207	253	278
税
310	336	269	292
别
396	421	271	296
号
428	452	272	296
纳
281	305	268	291
识
368	393	271	293
买
223	244	291	314
地
274	302	310	333
址
321	347	312	334
电
384	404	314	336
话
425	452	317	338
码
1180	1207	315	338
方
217	242	336	360
开
270	297	354	375
账
392	417	356	380
及
361	388	357	379
户
300	323	353	377
号
422	448	358	383
区
1183	1203	375	396
货
238	263	398	420
物
265	292	399	421
税
358	386	403	425
务
422	447	404	429
务
503	526	407	432
名
529	553	408	431
劳
390	414	402	427
应
326	352	401	423
格
714	742	412	437
型
748	771	414	438
单
875	900	414	442
或
297	322	400	425
规
682	709	413	436
称
559	584	407	432
数
1004	1031	419	444
号
780	804	414	439
单
1176	1201	425	453
位
904	930	417	440
量
1054	1080	423	446
价
1225	1253	428	453
税
1569	1596	439	462
额
1452	1478	435	459
税
1716	1743	443	466
率
1601	1628	438	465
金
1372	1400	431	455
额
1798	1823	445	469
计
461	487	737	765
合
288	316	732	758
价
255	283	791	817
税
290	318	792	818
大
425	451	795	821
写
464	488	798	823
计
362	388	793	822
合
324	354	792	818
名
221	247	855	879
销
162	191	865	893
称
380	408	859	885
纳
220	245	896	921
税
251	278	897	923
备
1168	1196	899	926
别
344	371	899	927
号
378	403	900	927
识
313	340	899	923
售
159	182	915	941
地
214	243	937	962
址
262	290	938	962
电
330	350	940	966
话
373	401	943	967
方
154	182	965	992
开
212	239	979	1003
及
304	331	982	1006
账
335	363	982	1007
户
241	266	978	1004
号
370	395	983	1009
注
1168	1192	985	1010
人
221	252	1032	1053
款
184	213	1028	1053
复
660	685	1042	1069
核
697	727	1042	1070
人
1123	1153	1056	1078
售
1514	1540	1066	1091
票
1087	1113	1053	1081
方
1555	1581	1067	1093
开
1050	1077	1054	1084
日
1519	1539	191	215
服
466	497	406	433
小
1445	1472	823	846
写
1476	1502	824	851
收
148	178	1028	1052
销
1474	1505	1064	1094
行
329	354	353	381
人
282	307	899	921
行
273	297	980	1008
人
340	364	270	293
购
1911	1932	663	688
买
1910	1932	694	718
方
1910	1934	723	748
