开
1402	1424	310	330
日
1465	1478	311	329
票
1431	1452	308	331
期
1488	1510	309	331
名
373	395	349	369
称
506	528	351	371
购
323	342	368	390
密
1171	1190	370	391
税
400	422	388	408
人
424	448	389	407
别
477	498	388	410
号
504	525	389	411
识
450	473	389	407
纳
374	395	387	408
买
321	340	408	428
地
370	395	426	446
址
411	434	426	446
电
466	483	427	447
话
502	525	429	448
码
1166	1189	425	445
方
319	341	446	468
开
370	393	466	486
及
449	471	466	486
账
476	498	466	487
行
422	446	465	487
户
397	415	464	486
号
502	523	467	489
区
1169	1186	479	498
货
324	347	506	526
物
352	375	507	527
务
502	522	509	531
税
441	464	509	529
务
588	609	510	532
名
612	633	511	531
劳
471	492	508	531
格
759	783	516	537
应
412	434	507	528
型
789	809	517	537
单
902	923	519	543
规
730	754	517	536
或
383	405	507	529
称
641	663	512	532
数
1013	1036	521	542
单
1163	1185	523	547
号
817	838	518	539
税
1509	1532	529	550
税
1639	1662	531	552
位
927	949	521	541
量
1057	1079	523	544
价
1206	1230	525	547
额
1406	1428	527	548
率
1537	1560	529	552
额
1711	1734	532	553
金
1335	1360	525	546
计
546	568	801	825
合
397	422	798	820
大
518	539	852	874
税
402	426	850	872
计
464	486	850	875
价
369	395	849	872
合
431	456	849	872
写
550	570	853	874
小
1407	1428	867	888
写
1434	1453	868	889
名
344	366	905	925
称
481	504	906	928
销
293	317	924	947
纳
345	366	940	962
人
396	422	942	961
税
371	395	940	962
别
451	474	941	964
号
480	502	942	964
识
425	448	941	962
售
292	312	959	981
地
340	365	975	996
址
382	406	976	996
电
440	458	976	998
话
477	501	979	999
方
291	313	994	1017
开
340	363	1012	1033
账
449	472	1012	1034
及
421	445	1012	1033
户
367	386	1010	1033
行
393	419	1011	1035
注
1162	1183	1008	1030
号
477	498	1012	1036
收
299	322	1057	1078
人
361	387	1059	1078
款
329	354	1057	1079
复
723	743	1062	1085
开
1061	1083	1069	1091
人
1122	1147	1071	1090
核
752	776	1063	1086
方
1464	1486	1078	1101
票
1092	1114	1068	1092
售
1431	1451	1077	1099
备
1159	1186	934	959
销
1397	1422	1075	1102
服
555	579	510	533
购
1810	1830	724	746
买
1811	1830	751	772
方
1811	1833	777	799
