开
1441	1467	224	248
票
1474	1499	222	248
期
1538	1564	224	249
名
250	276	286	309
称
402	429	286	310
购
193	218	306	331
密
1171	1193	299	323
别
372	397	331	356
号
403	428	331	357
识
340	368	331	354
纳
252	276	331	355
码
1168	1195	362	386
买
193	217	355	378
址
295	321	376	399
电
360	381	376	400
话
402	429	378	401
地
248	277	376	399
方
191	218	402	427
账
372	399	422	446
开
250	276	422	446
及
340	368	422	445
行
310	338	421	447
户
281	302	420	446
区
1172	1192	424	446
号
402	428	422	447
务
406	430	469	495
货
220	246	469	493
物
250	277	470	493
务
487	512	470	495
税
341	371	470	494
名
514	539	471	494
规
670	699	473	496
格
703	731	472	497
单
867	892	472	500
单
1167	1192	473	501
税
1561	1587	475	499
型
736	762	472	497
税
1706	1733	476	500
数
994	1021	474	498
应
310	338	469	494
劳
374	398	469	495
号
770	795	473	499
额
1444	1469	475	499
率
1593	1619	474	501
额
1788	1814	476	500
价
1216	1243	475	500
称
546	573	471	495
量
1043	1070	475	499
或
282	309	469	495
位
895	922	474	497
金
1361	1390	474	498
计
463	489	804	832
合
292	321	803	830
价
264	293	865	891
大
433	458	865	889
税
300	329	865	890
计
371	397	864	891
小
1439	1463	864	888
合
334	363	863	889
写
1472	1494	865	889
写
469	492	866	891
名
238	264	927	951
称
394	420	926	950
备
1168	1196	943	969
销
179	208	941	966
纳
241	265	966	991
税
269	298	966	991
别
360	387	966	992
号
394	419	966	992
识
330	358	966	990
址
285	312	1006	1030
电
350	370	1006	1031
地
238	267	1007	1030
售
180	204	990	1015
话
391	419	1008	1031
注
1171	1194	1026	1051
方
180	207	1039	1065
账
361	387	1046	1071
及
327	355	1047	1071
开
238	265	1048	1072
户
270	291	1045	1072
号
391	416	1047	1073
开
1057	1083	1098	1122
人
1125	1154	1098	1119
收
193	220	1100	1125
人
265	295	1102	1123
销
1462	1489	1098	1124
方
1539	1564	1098	1124
复
683	707	1099	1125
款
228	257	1100	1125
核
718	745	1099	1125
票
1093	1117	1095	1122
售
1501	1524	1097	1123
税
281	310	328	357
人
313	338	331	357
服
451	481	466	496
人
300	327	965	990
行
299	324	1044	1073
日
1508	1530	222	247
购
1898	1919	692	717
买
1896	1918	723	746
方
1896	1920	752	777
