开
1513	1538	262	287
日
1587	1602	263	285
期
1614	1642	262	287
票
1547	1572	261	287
名
245	271	335	359
称
411	438	336	362
密
1228	1250	342	367
购
184	208	360	386
人
313	342	385	407
别
379	404	384	411
号
412	439	385	411
税
280	309	384	409
识
344	373	385	408
纳
249	273	383	409
码
1224	1252	408	433
买
184	208	409	435
址
297	326	432	456
电
367	388	432	457
地
247	276	432	457
话
412	440	435	458
方
184	211	458	484
区
1229	1250	474	498
账
380	408	481	506
开
248	275	482	505
及
347	375	482	505
行
313	342	479	508
户
281	303	479	506
号
412	438	481	508
务
516	539	531	558
名
547	573	531	556
格
728	757	529	556
单
904	931	529	559
单
1223	1249	529	559
务
412	436	533	560
物
228	255	534	558
型
763	789	530	555
货
193	219	533	559
服
477	506	533	558
税
336	366	533	559
规
692	721	531	555
额
1883	1909	530	554
额
1519	1545	530	555
率
1677	1706	528	556
号
799	825	530	557
价
1275	1304	530	557
劳
373	399	532	560
量
1094	1122	531	556
数
1042	1069	530	556
位
935	963	531	556
称
584	611	530	556
金
1433	1462	528	554
税
1643	1672	530	554
税
1797	1825	529	554
或
266	292	533	560
应
300	327	533	558
合
291	320	890	918
写
1550	1572	943	968
小
1514	1540	943	968
大
444	468	955	981
价
262	290	956	983
计
374	401	955	985
合
335	364	955	982
写
482	505	955	981
税
300	327	957	982
名
233	259	1023	1048
备
1228	1255	1028	1055
称
400	428	1021	1047
销
169	198	1048	1075
人
299	330	1067	1088
税
268	297	1066	1091
别
368	393	1064	1092
号
401	427	1064	1092
识
333	362	1066	1089
纳
236	261	1066	1092
电
356	378	1106	1132
地
234	264	1108	1133
址
286	314	1108	1132
话
401	430	1108	1131
售
170	195	1091	1117
注
1229	1254	1115	1140
方
171	198	1134	1161
账
370	397	1148	1175
及
336	364	1150	1174
开
236	264	1151	1176
户
270	292	1149	1177
号
403	429	1148	1175
行
302	332	1149	1177
开
1113	1138	1189	1214
人
1185	1214	1189	1212
售
1540	1561	1182	1210
复
714	737	1196	1222
票
1150	1175	1187	1216
人
260	290	1209	1228
核
751	780	1196	1221
款
220	250	1207	1231
计
475	501	887	919
销
1499	1528	1183	1215
方
1575	1601	1183	1216
收
182	210	1205	1235
购
1991	2013	754	780
买
1990	2011	787	811
方
1989	2014	817	843
