开
1533	1560	228	252
票
1569	1594	225	252
期
1630	1656	232	257
名
286	312	293	316
称
440	467	292	316
购
229	253	313	339
密
1243	1267	304	330
人
347	375	341	362
号
439	464	339	365
纳
288	312	340	363
别
408	432	339	365
税
317	345	340	364
码
1239	1267	372	397
买
228	251	364	388
址
329	356	386	409
电
395	416	386	410
话
437	464	388	410
地
283	311	386	410
方
226	251	414	439
账
407	432	434	458
及
376	402	434	458
户
315	336	432	458
号
437	461	434	460
区
1241	1263	438	461
开
284	310	435	458
行
346	372	432	460
务
523	547	484	510
货
255	280	483	508
名
550	577	486	510
称
585	611	486	511
格
742	771	485	511
型
777	803	486	511
单
917	944	488	517
应
345	370	483	507
数
1053	1080	493	518
价
1290	1319	493	520
单
1236	1263	491	521
劳
406	431	483	510
号
813	839	486	513
税
1657	1685	497	522
税
1807	1837	500	525
物
284	310	484	507
服
489	516	485	510
额
1539	1566	494	520
或
316	341	484	510
务
439	463	483	510
税
375	402	484	508
规
708	737	487	511
量
1103	1131	494	519
位
948	976	490	515
率
1691	1718	496	524
额
1896	1923	500	525
金
1449	1480	492	518
计
493	520	837	865
合
320	348	833	859
价
291	320	896	922
大
461	486	901	926
写
498	522	902	928
计
397	423	898	926
合
362	389	897	923
写
1565	1589	916	941
税
327	355	897	923
小
1529	1555	915	940
名
265	290	960	984
销
204	233	973	1000
称
420	447	964	989
备
1235	1264	998	1025
纳
265	290	1002	1026
人
325	354	1004	1026
别
389	413	1005	1032
号
420	446	1006	1033
识
357	385	1004	1028
税
295	323	1003	1028
售
204	228	1024	1049
电
376	397	1046	1071
话
418	445	1049	1073
地
261	290	1044	1068
址
309	336	1044	1068
方
202	228	1076	1102
开
261	287	1087	1111
及
353	380	1089	1113
账
385	412	1089	1114
行
320	350	1087	1114
户
292	314	1085	1112
号
418	443	1090	1117
注
1236	1262	1088	1114
收
212	239	1142	1166
人
285	316	1145	1167
款
248	276	1142	1168
开
1113	1140	1163	1188
销
1547	1575	1163	1190
复
716	740	1157	1184
人
1187	1218	1165	1187
核
752	780	1157	1184
票
1151	1178	1162	1190
识
375	408	339	365
售
1586	1616	1162	1191
方
1623	1653	1160	1191
日
1604	1625	227	255
购
2009	2033	732	757
买
2010	2033	764	789
方
2010	2035	795	821
