开
1439	1465	214	239
期
1539	1564	212	238
票
1473	1498	212	239
名
241	266	289	312
称
394	420	287	311
密
1166	1188	294	318
购
185	208	312	337
别
363	388	332	358
号
395	420	333	359
识
331	359	333	356
纳
244	267	333	357
码
1163	1190	358	381
买
185	207	359	384
电
352	374	378	402
址
287	314	378	401
地
240	268	378	402
话
396	422	380	403
方
183	209	403	429
区
1167	1187	420	442
开
241	267	424	448
账
364	392	424	449
号
396	422	425	450
户
272	293	423	452
税
1708	1735	470	495
务
397	421	473	499
务
499	523	474	500
格
696	724	472	498
单
862	887	470	500
物
223	249	474	499
名
528	553	474	498
单
1161	1186	472	501
数
990	1018	473	497
型
730	754	473	497
税
1563	1588	470	494
率
1594	1620	469	497
额
1790	1815	471	495
额
1441	1468	472	496
规
663	691	475	498
税
326	354	468	499
号
764	788	473	499
劳
361	385	473	499
价
1211	1239	473	498
应
290	317	473	499
量
1040	1065	475	499
位
890	917	473	497
称
563	588	474	499
金
1360	1388	471	496
或
258	284	473	500
货
190	216	474	503
大
432	457	871	895
小
1442	1467	865	890
税
296	325	872	897
价
261	289	872	898
写
1477	1499	865	891
合
332	361	870	897
写
468	491	871	895
名
235	260	934	958
备
1167	1195	946	972
称
391	417	933	958
销
177	204	957	984
纳
237	261	974	999
别
358	384	973	1000
税
267	295	974	999
号
390	416	973	1000
识
327	354	975	999
电
347	368	1014	1039
地
235	264	1015	1039
址
282	309	1014	1038
话
390	417	1014	1038
售
174	200	998	1024
注
1170	1193	1030	1055
方
177	202	1038	1065
账
359	386	1055	1080
及
328	355	1055	1079
开
236	262	1056	1081
户
267	288	1053	1080
号
389	416	1054	1080
行
296	325	1054	1081
开
1057	1082	1100	1124
人
1125	1155	1102	1124
销
1427	1454	1100	1126
方
1503	1530	1100	1126
款
227	256	1108	1134
收
192	219	1109	1134
人
263	292	1110	1132
核
717	743	1104	1131
售
1466	1489	1099	1125
票
1093	1117	1100	1126
复
677	706	1104	1130
行
302	327	423	448
服
461	490	474	501
合
286	315	808	836
计
460	488	806	836
及
333	360	422	451
税
270	300	334	358
人
303	330	335	357
计
369	394	871	900
人
299	324	974	999
日
1509	1531	213	235
购
1902	1925	686	711
买
1904	1925	717	740
方
1904	1928	747	772
