开
1490	1516	154	179
票
1525	1550	152	180
期
1593	1619	154	180
称
362	388	229	256
密
1199	1222	236	263
名
198	224	232	258
购
138	161	255	282
人
266	294	283	305
别
330	354	279	307
税
234	262	281	308
号
363	388	279	307
识
298	325	282	306
纳
202	226	282	308
码
1196	1224	306	331
买
139	163	308	334
电
318	340	329	355
址
249	277	330	356
地
199	228	330	356
话
363	391	330	354
方
139	165	360	388
区
1200	1221	373	396
及
300	327	380	405
账
333	359	378	405
开
201	228	381	407
行
266	295	379	408
户
235	256	379	407
号
364	390	378	406
税
1767	1794	423	448
单
1195	1221	426	456
务
458	483	429	457
名
486	514	430	456
单
872	898	428	458
务
369	393	430	458
格
694	723	429	456
数
1010	1037	429	455
额
1851	1877	423	448
税
1615	1643	424	449
率
1650	1676	422	450
额
1493	1519	425	450
型
730	756	429	456
物
202	230	433	459
规
658	687	431	456
号
766	792	430	457
价
1248	1275	427	454
税
301	330	432	458
劳
334	360	430	459
量
1063	1090	429	455
货
172	197	433	459
金
1404	1433	424	450
应
268	295	431	458
位
904	931	429	456
称
522	549	430	456
或
237	264	432	460
计
441	469	792	821
合
257	286	793	821
小
1486	1510	839	863
写
1521	1543	838	863
大
411	437	857	883
计
343	369	857	886
税
267	297	859	885
价
230	258	859	886
写
449	473	857	883
合
305	333	857	884
名
203	230	925	950
备
1201	1228	926	953
称
370	396	923	949
销
141	170	941	968
人
269	300	969	991
别
337	362	966	994
号
371	397	966	993
税
239	267	967	994
识
304	332	968	992
纳
207	231	968	994
售
143	167	993	1020
电
326	348	1009	1034
址
256	285	1010	1034
地
205	235	1011	1036
话
371	399	1010	1033
注
1203	1228	1013	1039
及
304	331	1051	1076
账
337	364	1050	1076
方
143	171	1045	1073
开
206	234	1054	1079
行
271	300	1050	1079
户
239	262	1051	1079
号
372	398	1049	1077
人
1161	1191	1090	1113
票
1125	1151	1089	1118
复
682	707	1100	1127
人
227	258	1113	1135
收
148	177	1112	1140
核
720	749	1099	1126
款
187	217	1111	1139
开
1087	1113	1092	1118
日
1560	1583	153	179
销
1519	1544	1074	1110
售
1555	1581	1073	1103
方
1593	1621	1074	1105
服
420	449	430	460
购
1955	1976	649	674
买
1954	1975	681	704
方
1953	1977	711	736
