开
1428	1453	218	241	241
票
1461	1484	216	241	241
期
1523	1548	217	242	242
名
263	287	273	296	296
称
412	438	274	298	298
密
1164	1186	289	314	314
购
207	231	291	317	317
人
322	350	319	339	339
税
294	320	317	341	341
别
382	406	317	343	343
号
413	437	318	343	343
识
353	378	318	340	340
纳
266	288	317	340	340
买
208	229	340	364	364
地
261	289	361	384	384
址
308	334	361	384	384
电
371	391	362	385	385
话
412	439	364	386	386
码
1160	1186	352	375	375
方
206	231	387	411	411
开
264	289	406	430	430
账
383	409	406	431	431
及
353	379	407	429	429
行
322	349	405	431	431
户
293	314	405	430	430
号
413	437	406	431	431
区
1164	1183	412	433	433
物
264	289	453	476	476
务
415	439	453	478	478
货
234	260	452	476	476
务
496	519	454	479	479
名
522	546	455	478	478
规
674	701	458	480	480
格
707	734	457	481	481
单
866	891	458	485	485
税
354	380	453	477	477
劳
384	408	452	478	478
型
739	762	458	481	481
单
1159	1183	460	487	487
数
990	1017	460	483	483
应
322	348	453	477	477
税
1687	1714	464	487	487
税
1543	1570	463	487	487
号
772	795	458	483	483
称
553	579	455	479	479
或
295	320	453	478	478
额
1430	1455	463	486	486
价
1206	1233	462	486	486
率
1575	1601	462	488	488
量
1039	1064	461	484	484
位
894	919	460	483	483
额
1768	1792	465	488	488
金
1349	1377	461	485	485
计
472	497	780	807	807
合
305	333	779	804	804
价
278	306	838	864	864
大
442	467	839	863	863
税
313	340	839	863	863
计
381	406	838	865	865
小
1423	1446	842	865	865
合
346	374	838	863	863
写
477	499	840	864	864
名
252	277	898	922	922
称
403	428	898	923	923
销
196	223	912	937	937
备
1158	1185	918	943	943
人
311	339	939	960	960
税
282	309	938	962	962
别
370	396	937	963	963
号
403	427	938	964	964
识
341	368	938	961	961
纳
255	277	937	962	962
售
196	219	959	984	984
地
251	278	976	1000	1000
址
295	322	976	1000	1000
电
360	379	976	1001	1001
话
400	427	978	1001	1001
注
1160	1182	998	1023	1023
方
196	222	1007	1033	1033
账
369	395	1016	1041	1041
开
251	276	1017	1041	1041
及
337	364	1017	1041	1041
行
307	335	1015	1042	1042
户
280	301	1015	1041	1041
号
399	423	1016	1043	1043
复
684	708	1068	1094	1094
收
207	233	1068	1092	1092
开
1049	1074	1069	1093	1093
人
1116	1144	1069	1091	1091
人
275	303	1071	1092	1092
款
241	268	1068	1093	1093
核
718	745	1068	1094	1094
票
1084	1108	1068	1094	1094
服
460	490	455	479	479
写
1456	1477	841	867	867
销
1443	1474	1068	1098	1098
售
1483	1506	1068	1098	1098
方
1520	1542	1070	1095	1095
日
1494	1517	216	241	241
购
1870	1892	677	700	700
买
1871	1891	706	730	730
方
1870	1894	734	760	0
