开
1508	1534	211	236
日
1580	1595	211	234
期
1606	1632	210	235
票
1542	1567	209	236
名
271	298	302	326
密
1230	1253	294	320
称
432	459	300	326
购
210	235	325	351
税
307	336	348	374
纳
276	300	349	374
别
402	427	347	373
号
434	460	347	373
码
1227	1255	360	384
识
370	398	349	372
买
213	237	375	401
电
391	413	394	418
址
323	352	395	419
话
434	461	395	418
地
275	304	395	420
区
1232	1253	424	447
方
213	241	425	451
账
405	432	440	466
及
373	401	441	465
开
277	304	443	469
行
340	370	441	468
户
310	331	441	468
号
436	462	440	467
税
1775	1802	468	493
税
1631	1659	470	495
额
1855	1879	467	491
单
1227	1253	477	506
率
1663	1690	468	496
额
1513	1539	473	497
单
918	944	482	511
数
1050	1077	481	506
价
1278	1306	477	503
格
750	779	486	512
型
784	810	485	511
量
1101	1128	481	506
规
716	745	488	512
务
526	550	489	516
名
553	579	489	514
务
441	467	490	517
金
1431	1459	472	498
税
377	405	492	517
号
819	844	485	512
物
282	308	494	519
货
251	277	494	520
位
948	975	483	508
劳
409	435	490	517
称
586	613	488	513
应
345	372	492	518
或
315	342	493	519
计
510	537	835	863
合
336	364	838	865
小
1514	1539	869	892
写
1546	1567	868	892
大
481	507	896	922
计
416	442	897	926
税
345	373	899	925
价
310	338	899	926
写
520	542	896	922
合
380	408	897	924
备
1239	1266	959	985
名
285	310	965	989
称
442	469	962	988
销
227	254	979	1005
别
412	436	1003	1030
号
444	469	1003	1030
识
380	407	1005	1028
纳
289	312	1005	1031
售
229	253	1028	1054
电
402	424	1044	1068
址
336	363	1045	1069
话
445	472	1045	1068
地
288	317	1046	1070
注
1243	1269	1044	1069
方
227	256	1078	1103
账
411	438	1084	1109
开
287	313	1087	1111
户
316	340	1085	1111
号
444	469	1084	1109
方
1627	1651	1103	1129
人
1204	1234	1118	1140
开
1131	1158	1119	1144
复
741	766	1129	1155
票
1168	1194	1116	1144
收
228	256	1140	1159
款
266	294	1139	1159
人
303	334	1140	1157
核
777	806	1128	1155
销
1551	1576	1106	1131
服
491	517	489	517
售
1588	1615	1100	1131
税
319	347	1005	1031
人
352	375	1006	1028
及
383	404	1086	1109
行
350	376	1087	1111
人
338	364	349	372
购
1966	1988	682	707
买
1967	1988	714	737
方
1967	1991	743	767
