开
1463	1487	203	226
期
1556	1581	202	225
票
1495	1517	201	226
名
293	318	265	288
密
1203	1225	276	300
购
235	257	288	312
人
354	383	312	331
别
417	439	309	334
号
447	471	309	334
识
386	411	311	332
税
325	352	310	333
纳
295	319	310	333
买
234	256	334	358
码
1200	1226	338	361
址
340	367	355	377
电
405	425	355	377
地
293	320	355	378
话
446	472	356	377
方
234	258	378	404
及
386	412	400	423
开
293	319	401	424
区
1205	1224	399	419
户
326	346	399	424
行
355	382	399	425
号
447	470	399	424
账
418	442	399	423
务
548	570	447	472
务
446	469	448	472
名
577	601	448	471
物
276	302	449	473
货
244	268	449	473
格
747	774	449	473
单
908	932	448	475
单
1199	1223	449	476
税
378	404	449	473
规
715	742	451	473
数
1033	1058	450	473
型
780	803	449	473
额
1796	1818	448	470
劳
411	435	447	473
额
1465	1489	449	472
率
1608	1634	447	472
号
812	836	450	474
应
344	369	448	472
量
1082	1107	450	473
价
1246	1272	450	474
称
612	638	448	472
位
936	961	450	473
金
1388	1414	448	471
或
311	336	449	473
税
1717	1742	448	470
税
1577	1603	449	471
计
513	538	780	806
合
341	368	782	807
小
1464	1488	825	848
写
1497	1518	825	848
大
485	508	840	864
计
421	445	840	867
价
316	342	842	867
写
521	542	840	864
合
385	411	840	866
税
351	378	842	866
名
290	315	904	927
备
1205	1230	904	928
称
445	471	902	926
销
230	256	928	953
人
352	380	944	964
别
414	437	941	967
号
446	470	941	967
识
383	409	943	965
税
322	349	943	967
纳
293	316	943	967
电
403	423	981	1005
址
338	364	982	1005
话
445	472	982	1004
售
232	254	967	991
地
290	318	983	1007
方
233	257	1007	1032
及
384	410	1022	1045
开
292	316	1024	1047
户
322	343	1022	1047
号
446	470	1020	1045
行
352	380	1022	1047
账
416	440	1021	1045
销
1450	1474	1046	1070
方
1523	1547	1046	1071
售
1491	1508	1046	1070
复
737	760	1056	1084
核
771	796	1059	1083
人
321	348	1077	1097
收
249	274	1076	1100
款
283	311	1076	1100
注
1205	1229	983	1007
称
446	474	264	290
服
509	537	447	474
开
1099	1125	1054	1077
票
1134	1157	1052	1079
人
1165	1193	1051	1076
日
1528	1547	199	225
购
1900	1918	652	675
买
1900	1918	682	703
方
1899	1921	710	732
