日
1524	1539	268	289
开
1453	1478	269	293
期
1550	1576	267	291
票
1486	1510	266	292
密
1186	1207	351	375
称
450	473	366	388
名
302	326	368	390
购
246	268	388	412
号
451	473	409	433
纳
307	329	411	433
税
335	362	411	434
人
364	391	412	431
码
1184	1210	413	437
别
422	444	409	433
识
394	418	410	432
买
249	271	435	458
址
352	377	453	474
话
451	476	453	474
地
306	333	454	476
区
1189	1208	474	496
方
251	275	481	505
号
453	476	495	518
及
396	420	496	517
开
308	333	498	519
行
366	392	495	520
户
338	357	495	520
税
1576	1603	517	540
率
1607	1633	516	541
单
1184	1208	524	552
额
1459	1484	520	543
量
1064	1089	528	552
数
1016	1041	529	553
单
891	915	530	558
税
1720	1748	515	538
价
1232	1259	524	549
格
736	762	535	560
规
704	731	537	560
型
768	790	535	559
金
1380	1407	520	544
名
557	579	539	561
务
534	555	539	563
务
459	479	540	564
劳
427	450	540	565
号
799	822	534	559
货
286	308	544	567
物
313	337	544	566
位
919	943	531	555
服
501	528	541	563
称
586	611	537	561
应
371	395	542	565
税
400	424	542	564
或
343	368	543	566
计
516	539	858	882
合
360	385	859	884
小
1461	1485	900	923
大
489	511	914	938
写
523	544	914	938
写
1492	1514	900	924
税
367	392	915	939
计
431	453	914	940
价
334	359	915	939
合
398	423	914	939
名
312	333	976	998
备
1195	1221	983	1008
销
260	283	988	1011
称
453	477	974	997
号
455	477	1012	1037
纳
314	335	1013	1036
税
341	366	1012	1036
人
368	394	1014	1034
别
425	447	1012	1037
识
396	421	1013	1035
售
261	280	1033	1057
址
356	381	1050	1072
电
416	435	1050	1072
地
313	339	1050	1073
话
455	479	1051	1072
注
1198	1221	1063	1088
方
257	283	1079	1103
账
422	446	1087	1111
号
453	475	1087	1111
及
393	417	1087	1110
开
310	334	1088	1110
行
365	392	1087	1111
户
336	358	1087	1111
开
1087	1112	1133	1157
人
1157	1185	1133	1155
复
721	743	1134	1160
方
1573	1597	1131	1157
人
319	347	1138	1157
核
754	781	1134	1159
票
1123	1147	1132	1158
电
410	433	457	480
额
1802	1830	509	540
收
252	277	1134	1158
款
283	313	1133	1161
销
1495	1524	1128	1159
售
1535	1561	1126	1161
账
422	449	492	520
购
1919	1941	724	748
买
1920	1942	754	777
方
1921	1945	783	808
