开
1477	1502	242	265
票
1509	1532	240	266
期
1575	1599	243	268
名
274	297	300	323
称
428	453	300	325
密
1205	1226	316	341
购
213	237	324	349
别
397	420	347	373
税
305	332	347	371
号
428	452	347	373
纳
276	298	347	370
识
366	392	348	370
买
214	236	371	395
址
320	347	392	415
电
386	406	393	417
码
1200	1226	381	405
话
428	455	395	417
地
273	300	392	416
方
214	238	416	442
开
274	299	439	462
及
367	393	439	463
行
336	363	438	464
户
307	326	438	463
区
1204	1223	443	464
号
430	453	439	465
账
399	424	439	463
务
430	451	489	514
物
255	282	489	512
务
531	552	490	515
货
222	247	488	512
名
560	585	490	514
服
493	521	491	514
格
733	759	492	517
规
699	727	493	516
单
898	923	493	521
税
360	386	490	513
单
1197	1222	495	523
劳
393	418	489	514
应
323	350	489	513
号
800	824	493	518
数
1027	1052	495	519
税
1591	1618	499	522
税
1736	1761	500	523
称
596	621	491	515
或
292	317	489	514
型
767	790	493	517
额
1474	1499	498	522
率
1625	1649	497	524
量
1076	1101	496	520
价
1246	1272	496	521
额
1815	1839	500	524
位
927	952	495	519
金
1393	1421	496	521
计
495	520	825	852
合
325	351	825	850
大
468	490	886	910
计
404	428	885	912
税
334	361	885	910
小
1466	1489	886	909
价
300	325	885	910
合
370	395	885	909
写
1499	1520	886	910
写
503	524	886	910
名
275	300	947	969
称
429	453	947	970
备
1196	1222	963	988
销
218	243	969	993
人
337	364	987	1007
别
399	421	985	1011
税
308	334	985	1009
号
430	453	986	1011
识
368	393	986	1008
纳
279	301	985	1009
址
323	349	1024	1047
电
387	407	1024	1047
售
219	240	1008	1032
话
435	455	1027	1048
地
277	304	1024	1047
方
219	244	1046	1072
注
1198	1221	1046	1069
开
278	302	1064	1087
及
370	393	1065	1087
户
309	328	1063	1088
行
338	364	1063	1089
号
430	452	1064	1089
账
401	424	1064	1088
开
1086	1110	1116	1139
人
1154	1181	1117	1136
收
233	258	1117	1140
人
305	332	1118	1139
复
716	739	1117	1141
款
268	296	1116	1140
核
751	776	1116	1140
票
1121	1145	1114	1140
销
1448	1476	1111	1142
售
1486	1511	1111	1141
方
1521	1545	1112	1138
人
334	361	347	370
日
1544	1565	241	266
购
1914	1935	713	736
买
1914	1934	743	766
方
1913	1936	772	796
