日
1475	1489	212	232
开
1405	1429	214	237
期
1501	1526	210	234
票
1437	1461	211	236
密
1140	1161	296	321
名
230	253	320	343
称
382	407	315	338
购
178	197	346	370
人
292	320	364	384
别
354	376	360	385
号
383	407	360	385
税
262	289	364	387
码
1139	1164	359	383
识
322	346	363	385
纳
234	255	365	387
电
344	365	406	429
话
385	411	406	427
买
179	199	392	414
址
280	307	408	431
地
233	260	409	432
区
1145	1164	421	443
方
179	202	436	460
及
329	353	452	474
开
236	262	455	478
账
359	383	450	474
号
388	412	449	474
户
269	288	453	478
行
299	324	451	477
额
1759	1783	453	476
率
1563	1589	458	484
税
1530	1557	461	484
税
1677	1703	456	478
额
1414	1438	465	488
单
1140	1164	472	500
价
1189	1215	472	497
数
970	997	479	502
单
843	868	481	508
金
1334	1361	466	490
格
680	707	486	511
量
1020	1045	478	502
型
713	737	485	510
名
516	539	493	516
号
746	770	485	510
规
647	674	488	511
务
488	508	494	519
位
872	898	482	505
务
391	412	497	522
税
322	348	500	524
物
222	247	504	527
货
189	213	505	528
称
549	573	492	515
劳
355	379	498	524
服
453	479	497	520
或
257	282	502	526
应
291	314	501	524
计
457	481	824	851
合
297	323	828	853
小
1423	1446	849	872
写
1456	1477	848	872
大
431	453	885	909
税
306	330	888	912
计
372	394	886	912
价
274	299	889	914
写
466	487	885	908
合
338	364	887	912
备
1157	1184	934	958
名
250	273	950	973
称
394	419	946	970
销
196	219	973	998
人
306	332	990	1010
别
366	388	986	1011
号
396	420	986	1011
识
335	360	988	1011
税
279	303	989	1012
纳
252	274	989	1012
电
355	375	1026	1049
话
397	422	1026	1048
地
249	274	1029	1052
址
292	317	1028	1051
注
1161	1184	1015	1038
售
197	216	1012	1036
方
198	218	1051	1076
及
340	365	1066	1087
开
249	273	1069	1093
号
400	424	1063	1086
户
279	297	1067	1092
行
307	334	1067	1092
账
370	396	1064	1087
人
1121	1149	1086	1107
开
1053	1077	1088	1111
复
687	709	1100	1126
票
1087	1111	1085	1111
核
721	746	1099	1125
收
214	235	1120	1142
人
277	305	1122	1141
款
243	268	1120	1144
销
1416	1445	1074	1103
方
1491	1515	1072	1099
售
1454	1479	1075	1101
购
1872	1893	661	685
买
1871	1892	691	714
方
1872	1895	720	744
