开
1433	1459	148	173
期
1532	1557	148	173
票
1467	1491	146	173
名
178	205	217	242
称
345	372	217	242
密
1158	1180	225	251
购
117	141	242	269
人
244	275	267	288
税
213	242	265	291
别
311	336	265	292
号
345	371	265	292
识
277	306	266	290
纳
182	206	265	291
码
1155	1183	291	315
买
115	140	291	317
电
298	320	313	337
地
178	209	313	339
址
229	257	313	338
话
344	372	315	338
方
114	141	339	366
区
1161	1181	356	378
账
312	340	361	387
及
278	306	361	386
开
179	207	363	387
户
214	236	361	388
行
245	274	360	388
号
344	370	361	388
税
1558	1586	408	433
单
1154	1180	409	438
单
841	867	410	439
务
453	478	412	439
名
485	512	412	437
务
344	369	413	440
格
667	696	411	438
税
269	297	414	439
数
976	1004	411	436
额
1788	1812	407	431
物
160	188	415	440
型
703	728	411	437
货
124	151	414	440
额
1438	1465	409	434
率
1591	1618	406	433
规
632	661	413	438
价
1205	1233	410	436
号
738	763	412	438
劳
306	332	412	440
量
1029	1055	411	436
应
232	260	413	440
位
872	899	412	437
金
1357	1385	408	433
税
1705	1732	407	431
称
523	550	412	438
或
198	225	414	441
计
414	441	769	798
合
231	261	771	798
小
1443	1467	812	837
写
1478	1500	812	836
大
384	409	834	860
税
242	270	836	862
计
317	343	835	863
价
202	233	837	864
写
422	446	834	860
合
279	307	835	862
备
1163	1191	899	926
名
174	202	904	929
称
342	369	900	926
销
108	139	930	957
人
240	272	946	969
别
309	334	943	970
号
343	368	943	970
税
209	238	945	972
识
275	304	945	969
纳
178	202	946	971
电
296	317	986	1012
话
342	371	986	1011
址
225	254	989	1013
地
175	204	989	1015
售
110	136	972	999
注
1166	1191	986	1012
方
111	139	1016	1043
账
308	337	1029	1057
及
274	303	1032	1056
开
176	204	1033	1058
号
342	369	1028	1056
户
209	231	1031	1059
行
241	270	1030	1059
售
1471	1491	1050	1076
方
1507	1532	1049	1076
销
1430	1457	1052	1079
人
1122	1151	1062	1084
开
1050	1076	1063	1089
复
656	681	1074	1101
票
1087	1112	1060	1089
核
693	721	1073	1101
人
205	237	1091	1113
收
127	157	1091	1117
款
166	197	1089	1116
服
413	441	414	440
日
1503	1525	147	174
购
1898	1918	624	648
买
1898	1919	655	678
方
1899	1923	685	709
