开
1439	1466	185	209
期
1542	1568	186	211
票
1475	1500	183	210
名
201	223	258	281
称
354	380	257	282
密
1153	1176	263	289
购
140	164	282	307
人
261	288	306	327
别
322	347	304	330
号
353	378	304	330
识
290	316	305	327
纳
200	224	304	329
税
229	257	305	329
买
137	161	329	353
码
1150	1177	331	355
电
308	330	350	375
址
244	272	351	374
话
350	377	352	374
地
196	225	351	375
方
136	163	375	401
账
321	346	397	422
及
291	315	398	422
开
196	223	399	421
行
261	286	397	424
区
1153	1174	397	419
户
230	251	397	422
号
350	375	397	424
务
453	475	448	474
名
482	507	448	472
格
657	686	449	474
货
145	171	448	473
单
1146	1172	451	480
称
517	544	449	474
单
830	857	450	479
应
247	272	449	473
劳
313	338	447	474
号
727	753	450	476
型
693	717	449	474
税
1568	1597	453	479
额
1443	1470	453	478
价
1198	1227	452	479
率
1604	1632	452	480
额
1811	1836	456	481
量
1018	1046	453	478
数
967	993	452	477
服
414	442	449	474
位
863	888	452	476
物
177	205	449	472
或
214	240	449	475
务
350	373	448	474
规
623	652	450	474
金
1357	1387	451	477
税
1723	1751	455	480
合
240	268	796	821
计
409	435	798	825
大
381	405	861	886
写
1476	1499	870	896
写
417	439	862	887
合
283	310	858	884
计
319	344	859	885
价
212	241	858	884
税
249	277	859	884
小
1441	1466	871	895
名
184	210	923	946
称
342	367	924	949
备
1149	1177	951	977
销
124	152	946	971
号
341	366	966	991
纳
187	210	963	988
别
311	334	965	991
识
281	306	965	988
税
216	240	963	988
售
126	147	987	1012
地
183	211	1005	1030
电
297	318	1006	1031
方
122	150	1028	1054
账
308	336	1048	1074
及
275	302	1049	1074
行
245	272	1047	1074
户
214	236	1046	1073
号
340	366	1048	1075
注
1150	1175	1040	1066
开
183	209	1048	1072
人
210	238	1105	1127
复
638	663	1109	1135
开
1030	1057	1114	1139
人
1103	1134	1116	1137
销
1421	1449	1116	1142
款
173	200	1102	1128
方
1502	1528	1115	1142
核
676	701	1109	1135
票
1067	1093	1113	1140
售
1463	1485	1116	1141
人
251	276	966	989
税
278	308	448	474
话
340	370	1007	1034
址
228	259	1005	1032
收
135	163	1101	1130
日
1510	1534	185	208
购
1924	1948	683	709
买
1925	1948	716	741
方
1925	1951	747	773
