开
1412	1439	209	233
日
1483	1499	210	231
票
1446	1470	207	234
称
390	418	262	286
密
1154	1176	280	304
号
390	416	307	332
识
329	356	307	329
纳
242	267	306	329
买
182	205	331	355
码
1151	1177	343	366
电
348	370	351	374
地
238	268	351	374
方
180	208	375	400
账
360	388	396	420
及
329	357	397	420
户
270	292	395	421
号
390	416	397	422
区
1153	1174	404	426
开
240	267	397	422
行
298	328	395	422
应
289	316	445	469
务
391	417	446	471
务
492	517	446	472
名
520	546	448	470
称
554	580	448	471
格
689	719	450	475
规
657	686	451	474
型
724	748	452	475
单
852	878	452	479
劳
356	382	445	471
金
1340	1368	455	479
单
1147	1173	454	481
数
978	1006	454	478
价
1196	1223	455	480
税
1533	1560	458	481
税
1675	1702	458	482
号
757	782	452	477
位
880	907	454	477
或
256	284	445	470
额
1419	1444	456	480
税
322	351	445	469
量
1028	1054	455	479
率
1564	1591	456	483
额
1754	1780	459	482
计
454	480	779	806
合
284	314	778	804
价
257	286	836	862
大
424	449	837	862
写
1451	1473	838	862
写
460	484	838	863
计
363	388	836	864
小
1421	1444	837	861
合
326	355	835	861
税
292	320	837	861
名
230	257	899	923
称
385	411	899	924
销
174	202	921	947
税
263	291	939	963
纳
233	258	938	963
别
352	378	939	965
号
385	410	939	966
识
323	349	939	963
售
175	198	960	985
地
231	259	978	1002
址
277	305	978	1002
电
342	363	978	1003
话
383	411	980	1003
方
174	201	1000	1026
注
1153	1176	998	1024
账
354	380	1017	1043
及
323	350	1018	1042
开
232	258	1018	1042
行
290	319	1017	1044
户
262	283	1017	1043
号
384	409	1018	1044
售
1448	1469	1068	1093
复
662	686	1069	1096
开
1041	1067	1069	1094
人
1108	1137	1069	1090
收
188	215	1069	1093
款
221	250	1070	1094
人
256	287	1072	1093
方
1484	1508	1068	1094
核
696	723	1069	1095
票
1076	1101	1067	1094
购
182	204	287	311
名
240	266	262	286
税
271	299	307	332
别
361	387	307	331
址
285	310	350	375
物
220	249	446	470
服
455	479	446	472
销
1411	1437	1066	1094
备
1150	1176	914	943
人
301	326	306	330
货
192	214	444	470
人
293	320	939	963
期
1509	1537	210	235
话
391	416	350	376
购
1860	1883	672	695
买
1860	1882	702	724
方
1860	1885	730	754
