开
1477	1502	190	214
票
1510	1534	190	216
期
1572	1600	192	217
名
286	308	278	300
密
1196	1219	269	294
称
428	449	271	295
购
231	254	300	323
人
338	365	319	339
税
312	336	319	342
纳
284	306	320	342
别
396	420	316	341
识
368	392	318	340
码
1191	1219	334	359
电
383	403	360	383
买
229	249	345	368
址
321	346	361	383
地
280	304	362	384
方
225	248	391	414
区
1196	1216	399	421
账
391	414	404	427
及
361	387	404	426
行
331	359	403	429
开
277	301	407	429
户
303	324	404	429
号
419	443	403	427
税
1762	1793	446	471
务
497	521	449	474
名
523	549	449	473
务
421	443	450	475
劳
391	414	450	476
服
464	491	450	474
额
1853	1881	445	470
单
880	905	451	480
单
1189	1215	450	479
税
1601	1631	450	476
物
273	299	453	476
税
361	386	452	475
格
717	745	452	477
货
247	270	453	476
数
1011	1039	451	476
型
750	774	452	477
率
1636	1665	448	476
额
1481	1508	451	476
规
683	711	454	476
应
330	355	451	476
价
1240	1269	451	477
号
784	808	453	478
量
1063	1090	452	477
称
556	582	449	474
位
909	936	452	477
金
1396	1426	449	474
或
303	327	452	477
计
470	495	788	816
合
300	328	787	812
价
263	291	843	868
税
297	324	845	868
大
429	455	845	870
计
368	394	844	871
合
331	359	843	868
写
468	493	847	871
小
1478	1503	855	879
写
1510	1532	856	881
销
166	195	920	946
称
381	408	908	933
名
219	250	907	936
备
1191	1220	936	964
纳
221	245	949	974
别
342	370	949	977
号
376	401	950	977
识
312	338	950	973
人
279	308	950	976
售
159	183	970	996
地
212	239	990	1016
址
258	286	990	1015
电
328	347	991	1017
话
370	397	993	1018
方
148	177	1022	1050
开
206	233	1034	1060
及
299	327	1034	1060
账
331	359	1034	1061
行
268	297	1032	1061
户
236	261	1032	1060
注
1194	1219	1026	1053
号
365	391	1034	1062
收
145	174	1088	1114
人
219	249	1090	1113
款
183	211	1088	1114
复
664	689	1095	1123
开
1071	1099	1102	1129
人
1146	1178	1103	1127
核
701	731	1095	1124
销
1512	1541	1109	1138
方
1593	1622	1110	1139
票
1109	1136	1100	1130
号
420	448	316	342
话
421	448	360	382
日
1543	1565	191	218
售
1551	1583	1108	1140
税
251	278	949	975
购
1978	2004	674	701
买
1978	2004	708	732
方
1978	2007	739	765
