开
1441	1467	233	257
期
1540	1565	234	259
票
1475	1499	232	258
名
239	263	305	328
称
389	414	303	328
密
1165	1187	310	335
购
182	205	325	350
人
299	326	351	371
税
269	296	350	374
别
359	382	349	375
号
389	413	349	374
识
328	354	350	372
纳
241	263	349	373
码
1161	1188	374	399
买
181	203	373	398
地
236	264	394	418
址
283	308	394	418
电
346	366	394	418
话
387	413	396	418
方
179	204	421	447
账
359	383	439	464
及
328	353	440	464
开
238	263	441	466
区
1165	1185	438	460
行
297	323	439	466
户
269	289	439	465
号
387	411	439	465
务
470	492	487	513
务
391	413	488	513
名
495	520	488	511
格
685	713	487	513
单
1160	1185	489	517
货
209	234	488	513
物
238	264	489	513
单
854	879	488	516
税
328	355	489	513
服
436	463	489	513
量
1034	1060	491	515
型
720	744	488	513
数
985	1010	490	515
税
1713	1740	491	515
规
652	679	489	512
劳
359	382	487	513
额
1447	1472	490	514
税
1566	1594	490	514
号
754	778	489	515
金
1361	1390	488	514
额
1796	1821	492	516
价
1211	1238	490	516
率
1599	1626	488	516
应
298	322	488	513
称
527	553	487	512
位
883	909	490	514
或
271	295	488	514
计
446	470	827	854
合
280	307	825	851
价
252	279	885	912
大
418	440	887	913
税
288	315	886	911
计
358	381	885	914
小
1443	1467	892	916
合
322	348	885	911
写
452	473	889	914
写
1478	1499	892	917
名
226	251	948	972
销
168	195	962	988
称
381	405	948	973
备
1164	1190	972	999
人
287	315	989	1011
号
380	404	989	1016
税
258	285	988	1013
别
348	372	988	1015
识
318	343	989	1012
纳
229	252	988	1013
售
168	191	1011	1037
址
273	298	1028	1053
电
337	356	1028	1054
地
225	253	1028	1053
话
377	404	1031	1054
方
167	192	1061	1088
开
226	251	1070	1095
及
315	341	1070	1094
账
348	373	1069	1095
行
285	312	1068	1096
注
1165	1188	1058	1084
户
256	277	1068	1095
号
378	402	1070	1097
款
215	242	1124	1149
人
250	280	1125	1147
收
178	205	1124	1149
复
668	691	1129	1155
售
1503	1525	1130	1155
开
1048	1074	1132	1157
人
1119	1147	1132	1154
方
1542	1566	1130	1156
销
1464	1490	1131	1157
核
702	729	1129	1155
票
1084	1109	1128	1159
日
1509	1531	231	259
购
1909	1931	713	739
买
1909	1930	745	768
方
1908	1933	775	800
