开
1425	1450	213	236
期
1520	1545	212	236
票
1457	1481	211	236
名
263	287	272	295
称
412	437	272	296
密
1160	1182	285	310
购
208	231	291	316
人
321	350	317	337
别
382	405	316	341
税
293	320	316	339
号
412	436	317	341
识
351	378	317	339
纳
266	288	316	339
买
208	230	339	362
地
261	288	360	383
址
307	333	359	382
电
370	390	360	383
话
410	436	362	383
码
1157	1183	347	371
方
206	231	385	410
账
382	407	404	428
及
351	377	404	427
开
263	288	405	428
行
321	348	403	429
户
292	313	403	429
区
1160	1180	408	429
号
410	435	404	429
务
413	437	450	475
物
263	289	451	474
货
235	259	450	474
务
493	517	451	476
名
519	544	452	475
税
352	378	451	475
格
703	731	454	478
规
671	698	455	477
单
863	887	454	481
单
1156	1180	456	483
型
736	759	454	478
劳
382	406	450	475
数
987	1013	456	479
税
1542	1568	458	481
税
1686	1714	458	481
应
322	347	450	474
号
768	792	455	479
额
1428	1453	457	481
率
1574	1600	456	483
额
1767	1792	459	482
称
550	576	452	476
价
1204	1230	457	482
量
1036	1061	457	480
或
294	319	450	475
位
891	916	456	479
金
1347	1375	456	480
计
468	494	777	803
合
301	330	776	801
价
275	303	835	860
大
439	463	835	860
税
310	337	836	860
计
376	403	835	862
小
1422	1446	839	862
合
342	370	834	860
写
474	497	836	861
名
249	274	895	919
称
399	426	895	919
销
194	220	909	934
备
1155	1183	914	939
纳
252	275	934	958
税
280	306	934	959
人
308	337	936	957
别
368	392	934	960
号
400	424	934	960
识
338	364	935	958
售
194	217	956	980
址
293	319	973	996
电
357	377	973	997
话
397	424	975	998
地
249	279	973	1000
注
1157	1180	995	1018
方
194	219	1003	1030
账
366	392	1012	1037
开
248	274	1013	1037
及
335	362	1013	1037
行
304	333	1012	1039
户
277	298	1012	1038
号
396	421	1013	1039
复
681	706	1064	1089
收
205	232	1064	1089
开
1046	1071	1064	1088
人
1113	1142	1065	1086
人
273	302	1067	1088
款
239	267	1064	1089
核
716	742	1064	1090
票
1081	1105	1063	1090
服
457	487	452	476
写
1454	1477	838	863
销
1445	1472	1067	1096
售
1484	1505	1066	1094
方
1518	1544	1066	1094
日
1490	1512	208	236
购
1873	1894	671	695
买
1873	1894	701	724
方
1873	1896	730	754
