开
1474	1497	228	251
期
1568	1593	228	252
票
1509	1528	226	252
名
243	267	298	322
称
401	427	294	319
密
1204	1225	304	329
购
183	206	320	346
人
307	334	346	367
别
370	393	342	369
号
402	427	342	369
税
275	302	345	370
识
337	364	344	367
纳
244	268	345	370
码
1202	1228	368	393
买
182	205	371	395
电
357	378	390	415
址
289	317	392	416
话
401	428	391	414
地
239	269	392	417
方
181	206	421	448
区
1207	1227	431	455
账
372	396	437	463
及
339	365	439	463
开
242	268	441	465
行
306	334	438	466
户
276	296	438	465
号
402	427	437	464
税
1737	1762	480	504
单
1203	1228	483	511
税
1598	1623	480	504
务
495	517	487	513
数
1026	1053	485	511
额
1817	1838	480	503
务
407	430	488	514
名
523	548	488	512
单
894	919	485	514
格
722	750	486	513
率
1630	1654	479	505
额
1484	1507	481	505
物
243	270	491	515
货
213	238	491	516
价
1253	1280	483	508
规
687	716	489	512
量
1077	1102	486	511
号
792	817	488	513
税
339	368	489	514
金
1402	1427	481	506
劳
372	397	488	515
服
457	486	489	513
位
924	949	488	512
应
307	334	490	515
型
757	782	487	513
称
556	583	487	513
或
276	303	490	516
计
475	502	840	868
合
293	321	843	870
小
1487	1510	879	902
写
1521	1541	878	903
大
444	468	905	931
价
263	293	908	935
计
376	403	906	935
税
301	330	908	935
写
482	504	904	930
合
338	366	906	933
备
1216	1241	967	993
名
236	263	975	1000
称
402	429	971	997
销
174	202	991	1018
人
301	332	1017	1040
别
369	394	1014	1042
号
403	429	1013	1041
税
270	299	1017	1043
识
335	363	1016	1040
纳
239	263	1017	1043
电
356	378	1057	1082
话
402	430	1058	1081
址
287	315	1058	1084
地
236	266	1060	1086
售
175	198	1043	1070
注
1218	1242	1052	1078
及
333	361	1100	1124
账
368	395	1099	1124
方
173	201	1096	1122
开
236	264	1104	1128
户
269	293	1100	1128
行
300	330	1100	1127
号
403	428	1098	1124
人
1181	1209	1128	1149
复
713	737	1143	1169
票
1145	1170	1127	1154
核
750	777	1141	1168
人
257	289	1159	1182
收
177	206	1160	1186
款
217	247	1158	1185
开
1108	1133	1130	1155
日
1537	1561	225	254
销
1523	1550	1111	1139
方
1593	1620	1108	1137
售
1562	1582	1110	1138
购
1921	1939	694	717
买
1921	1940	724	746
方
1922	1943	753	777
