开
1456	1481	216	238
期
1551	1575	215	238
票
1489	1512	214	238
名
302	327	271	293
称
452	477	272	296
密
1195	1216	285	308
购
246	269	289	313
税
333	358	314	337
别
421	444	315	339
号
452	475	316	340
识
391	416	315	336
纳
304	326	314	336
买
244	266	335	358
地
298	325	357	379
址
345	371	357	379
电
408	428	358	380
话
450	475	360	381
码
1192	1218	346	369
方
241	265	381	405
开
298	324	401	423
账
420	444	402	425
及
390	414	402	424
行
359	386	400	426
户
329	350	399	424
区
1196	1215	406	426
号
449	473	402	426
货
269	293	446	469
物
297	324	447	469
务
452	474	448	472
务
532	554	449	473
名
557	581	450	472
格
740	767	451	474
单
899	923	452	478
税
390	416	448	471
型
772	795	451	474
单
1191	1215	453	480
规
708	734	452	474
劳
420	444	447	472
税
1722	1748	456	479
号
805	828	452	476
税
1577	1603	456	479
额
1462	1487	455	479
称
589	613	450	473
额
1804	1827	457	480
率
1609	1635	455	481
或
330	355	447	471
量
1071	1096	454	477
价
1239	1265	455	479
数
1023	1048	453	476
位
926	951	453	476
应
358	384	447	470
金
1382	1409	454	477
计
501	526	773	800
合
332	359	773	798
大
471	494	833	857
税
338	365	833	857
计
408	433	832	859
价
302	330	833	858
小
1463	1486	837	860
合
372	399	832	857
写
506	528	834	858
写
1496	1517	838	862
名
275	299	894	918
称
430	455	893	918
销
216	243	908	933
备
1194	1221	914	940
别
396	420	933	960
税
304	331	934	959
号
428	452	934	960
识
365	391	935	958
纳
275	298	934	958
电
383	402	974	998
址
317	343	974	998
售
215	237	957	982
地
270	298	974	998
话
425	451	975	998
注
1197	1220	998	1022
方
212	237	1006	1032
账
391	417	1014	1040
开
270	295	1015	1040
及
359	385	1015	1039
行
328	356	1013	1041
户
300	321	1014	1040
号
423	447	1014	1041
收
222	247	1069	1093
开
1084	1109	1070	1094
人
1153	1181	1070	1091
人
292	322	1071	1092
复
712	735	1067	1094
方
1567	1592	1073	1099
款
257	284	1069	1094
核
747	773	1067	1093
票
1120	1143	1068	1095
服
496	526	450	473
销
1489	1517	1070	1100
售
1530	1553	1072	1100
日
1522	1541	212	238
人
362	385	315	337
人
335	358	935	958
购
1917	1937	669	693
买
1918	1938	700	722
方
1918	1940	728	753
