开
1410	1433	216	239
期
1501	1526	216	240
票
1441	1464	214	239
名
257	283	271	294
称
409	435	272	296
购
201	225	294	318
密
1155	1176	286	309
别
378	403	316	341
号
410	434	316	341
识
347	374	316	338
纳
261	284	315	339
码
1152	1177	347	369
买
200	223	339	362
地
256	286	359	382
电
367	388	359	382
话
408	435	362	383
方
199	225	382	407
账
378	406	404	427
开
258	284	404	428
及
348	374	404	427
行
318	345	403	429
户
289	310	403	428
区
1155	1175	406	427
号
409	434	404	429
务
408	432	451	476
物
239	267	452	475
务
508	532	452	477
税
339	366	452	475
名
537	563	453	476
称
572	598	453	477
服
471	501	454	477
规
672	700	455	477
格
704	732	454	478
单
863	887	454	481
数
986	1011	456	479
单
1150	1173	455	482
型
737	760	454	478
税
1523	1549	456	480
劳
373	398	451	476
应
305	332	451	475
号
768	792	455	479
率
1554	1579	455	481
额
1740	1763	457	479
价
1196	1223	456	480
量
1034	1059	457	480
额
1412	1436	457	480
或
274	301	451	476
位
891	916	456	479
金
1336	1363	456	479
税
1661	1688	457	480
计
470	496	777	803
合
302	330	778	803
大
443	467	836	861
小
1411	1434	828	850
计
380	407	836	863
税
313	340	837	861
写
1443	1463	828	851
写
476	500	836	860
合
344	373	836	861
名
249	275	897	921
备
1153	1179	904	928
称
402	429	896	920
销
191	219	921	946
号
403	428	936	960
税
281	304	937	961
识
341	370	936	959
纳
254	277	937	961
电
359	382	974	998
话
402	430	975	999
注
1155	1178	984	1007
方
192	219	999	1024
账
370	398	1014	1038
及
339	367	1015	1039
号
402	429	1013	1038
行
309	337	1013	1040
户
281	302	1013	1044
销
1398	1423	1049	1074
开
1048	1073	1053	1077
人
1113	1141	1053	1074
方
1470	1493	1048	1073
复
687	711	1059	1084
售
1433	1455	1048	1072
票
1082	1106	1051	1077
核
720	747	1058	1084
款
241	269	1067	1092
人
309	334	938	960
址
303	329	357	383
货
208	234	450	477
价
277	306	837	862
售
193	218	956	985
地
249	277	977	1001
址
293	324	973	1002
别
373	401	936	962
开
250	275	1014	1039
收
206	233	1066	1093
人
276	306	1068	1090
税
288	315	315	340
人
320	345	315	339
日
1475	1494	216	238
购
1840	1860	659	683
买
1840	1860	688	710
方
1841	1864	716	739
