开
1444	1469	169	192
期
1541	1566	170	195
票
1477	1501	168	193
名
240	265	216	239
称
395	418	218	242
购
182	206	237	262
密
1172	1194	236	261
别
360	385	262	288
号
392	416	263	289
识
330	355	262	285
纳
240	264	261	285
买
181	202	285	309
码
1168	1194	300	323
地
233	263	304	328
址
282	309	306	328
电
347	368	307	330
话
389	417	309	332
方
175	200	332	357
开
230	258	349	372
账
356	382	351	376
及
324	351	352	375
行
292	321	349	375
户
261	284	349	373
号
387	413	352	378
区
1171	1191	362	384
货
198	222	396	419
物
225	253	396	419
务
388	412	400	425
务
472	495	402	428
名
498	523	402	426
税
322	350	399	423
规
656	684	406	430
格
690	718	405	431
号
758	782	407	433
应
288	315	398	421
劳
355	379	398	423
型
725	748	406	431
数
989	1015	410	435
量
1040	1066	412	436
单
1164	1189	413	441
或
258	284	397	422
价
1215	1242	415	441
称
530	555	402	427
税
1567	1594	422	447
金
1366	1394	417	442
额
1448	1473	420	445
税
1716	1744	425	450
率
1600	1626	422	449
额
1800	1824	427	452
计
433	460	743	772
合
254	283	739	767
价
220	250	802	829
税
258	285	802	829
大
397	423	804	831
写
436	461	805	831
计
331	358	803	832
合
293	322	801	830
名
188	215	868	893
销
126	156	880	907
称
352	380	870	897
备
1163	1191	900	927
纳
187	213	910	936
别
315	342	912	941
号
349	376	913	941
识
282	310	913	937
售
125	147	931	958
地
182	211	953	979
址
231	259	953	979
电
301	322	955	981
话
345	373	957	981
方
120	149	984	1011
开
180	207	996	1020
账
307	335	998	1024
户
210	236	995	1022
注
1164	1189	988	1014
号
342	368	998	1025
人
189	220	1051	1073
复
643	668	1055	1084
核
681	711	1055	1083
人
1118	1150	1063	1086
售
1521	1546	1067	1093
方
1562	1587	1066	1094
票
1083	1109	1060	1088
开
1045	1072	1061	1093
日
1511	1533	171	195
服
435	467	402	426
款
151	182	1046	1075
收
113	144	1047	1074
销
1481	1511	1065	1096
写
1476	1503	816	844
小
1447	1474	816	845
位
885	912	408	432
单
856	879	405	432
税
270	296	262	288
人
300	327	263	287
税
219	247	909	938
人
252	276	912	936
及
278	301	998	1023
行
245	270	998	1023
购
1917	1939	648	673
买
1918	1939	680	704
方
1918	1942	709	735
