开
1560	1584	224	247
期
1656	1681	228	252
票
1593	1616	223	249
名
316	343	258	282
称
480	507	262	287
购
256	280	283	308
密
1285	1307	291	317
人
381	412	309	331
纳
318	343	307	331
号
480	506	310	337
识
413	441	309	332
别
447	472	309	336
税
350	378	307	332
买
255	278	331	356
码
1281	1307	357	382
话
479	507	360	383
址
364	393	355	378
地
315	345	354	379
电
434	457	357	382
方
254	282	379	405
及
413	441	405	430
行
380	409	403	430
户
348	370	402	428
号
479	504	406	432
开
315	343	404	427
账
447	473	405	430
区
1284	1304	421	443
务
477	502	458	484
应
366	393	456	480
务
583	608	459	486
名
615	641	460	484
物
295	323	455	479
货
263	287	455	479
规
760	789	464	488
格
796	825	463	489
劳
439	465	457	483
单
968	994	468	496
或
332	359	455	482
号
866	892	466	493
数
1101	1128	472	497
称
653	679	461	486
服
545	573	460	484
单
1277	1302	475	503
价
1327	1355	477	503
税
403	432	457	482
型
831	856	465	490
位
999	1025	470	494
量
1152	1179	474	499
额
1563	1588	482	507
率
1714	1739	484	511
金
1480	1508	479	504
额
1904	1927	492	515
税
1681	1707	485	509
税
1825	1850	490	513
合
354	383	811	838
价
326	355	876	902
大
505	532	878	904
写
544	568	879	904
写
1587	1609	885	909
小
1553	1577	884	908
合
398	428	876	903
计
437	464	876	906
税
362	391	877	903
名
297	323	942	966
称
462	491	943	968
备
1274	1302	962	989
销
233	263	965	991
纳
299	325	984	1009
别
429	455	984	1011
号
463	489	985	1012
识
396	424	985	1009
售
234	258	1007	1033
址
347	375	1026	1049
电
417	439	1026	1051
话
462	491	1028	1052
地
297	327	1026	1051
方
233	262	1049	1076
注
1274	1298	1048	1073
开
298	326	1068	1092
及
396	425	1068	1093
户
331	354	1066	1093
行
364	392	1067	1095
号
463	489	1068	1095
账
430	458	1068	1093
开
1160	1185	1119	1142
人
1230	1259	1120	1142
收
246	275	1124	1146
人
323	354	1125	1145
复
770	795	1121	1145
核
806	834	1121	1144
售
1575	1593	1119	1143
票
1196	1220	1118	1145
计
536	566	814	845
销
1533	1560	1118	1146
方
1606	1634	1119	1149
税
331	362	984	1011
人
365	393	985	1011
款
282	315	1122	1150
日
1627	1649	224	251
购
2004	2023	709	733
买
2002	2022	740	763
方
2001	2024	769	793
