期
1627	1654	169	195
开
1527	1554	169	195
日
1601	1616	170	193
票
1562	1587	167	195
称
419	446	256	282
名
257	284	259	284
密
1243	1266	252	279
购
197	221	283	310
纳
261	286	307	333
别
388	413	305	332
号
420	447	305	332
码
1240	1268	321	346
识
355	384	306	330
买
199	223	336	361
电
376	400	353	378
址
309	338	354	379
地
258	289	355	380
话
421	451	354	378
区
1244	1266	387	411
方
199	225	386	413
账
392	419	401	428
及
358	387	403	427
开
259	288	405	429
行
325	354	402	430
户
293	316	402	429
号
423	450	401	428
税
1802	1829	434	459
税
1653	1681	436	461
额
1883	1908	434	458
单
1238	1265	441	471
率
1686	1713	434	463
额
1532	1558	438	463
数
1057	1085	445	471
单
919	947	446	476
格
746	776	449	475
务
515	541	451	478
称
577	605	451	477
规
710	741	451	475
型
782	808	449	474
价
1290	1319	441	468
名
544	570	451	476
务
428	455	452	479
服
479	511	453	478
应
326	355	455	480
税
360	390	455	480
物
261	289	456	481
量
1109	1137	445	471
货
230	257	456	481
号
817	843	449	475
金
1447	1477	438	464
劳
394	420	452	480
位
950	978	447	473
或
295	323	455	482
计
501	529	806	834
合
321	351	809	836
写
511	534	868	894
大
472	498	869	894
价
293	323	872	899
税
331	361	871	897
计
405	432	870	898
合
366	397	870	897
备
1247	1275	936	962
名
268	295	939	964
称
431	460	936	961
销
207	236	954	980
纳
272	297	980	1006
别
400	426	978	1004
号
433	460	977	1004
识
366	396	979	1003
电
389	412	1020	1044
话
432	461	1021	1044
址
320	350	1021	1045
地
271	301	1022	1047
售
210	235	1004	1030
注
1249	1274	1021	1046
账
401	430	1060	1086
方
212	240	1055	1081
及
369	397	1062	1086
开
273	300	1064	1088
行
336	366	1061	1088
户
304	328	1062	1088
号
435	461	1060	1087
售
1596	1620	1080	1105
方
1634	1660	1078	1104
人
1207	1238	1096	1119
复
739	764	1108	1135
票
1172	1197	1095	1123
人
293	325	1119	1141
收
217	245	1119	1144
核
775	804	1107	1134
开
1134	1161	1098	1129
款
255	285	1118	1143
销
1556	1585	1078	1113
税
292	320	306	332
人
323	351	306	331
税
302	332	977	1006
人
337	360	979	1005
小
1530	1554	842	866
写
1560	1587	841	866
购
1992	2015	654	679
买
1991	2013	686	710
方
1990	2015	716	741
