期
1611	1638	212	237
开
1511	1538	213	236
日
1585	1600	213	235
票
1545	1571	211	237
名
318	345	276	299
称
473	497	281	304
购
260	283	295	320
密
1234	1257	287	312
纳
321	345	321	344
税
351	378	322	346
别
441	465	324	348
号
471	496	325	349
识
411	437	324	346
码
1229	1256	351	375
买
260	283	344	367
地
317	346	365	388
址
364	391	366	388
电
429	448	367	390
话
469	496	370	391
方
258	284	390	415
开
317	343	410	433
账
439	465	411	435
及
409	435	412	434
行
377	406	410	436
户
347	368	409	433
区
1232	1253	414	435
号
469	494	412	437
物
318	344	458	481
货
289	316	457	481
务
471	495	460	484
税
410	436	459	483
务
550	574	461	486
名
575	599	461	484
服
516	545	462	485
规
729	756	465	487
格
761	789	463	488
应
379	405	458	483
单
1225	1252	465	493
劳
440	465	459	484
型
794	818	464	488
数
1051	1078	466	490
税
1634	1662	470	495
号
827	851	465	490
税
1786	1814	472	497
称
606	632	461	485
价
1276	1305	466	492
或
350	377	458	484
量
1101	1128	466	490
额
1512	1538	469	494
位
951	977	465	489
率
1667	1695	469	497
金
1428	1457	467	492
额
1870	1896	473	498
计
514	540	792	819
合
346	374	789	815
价
315	343	848	874
大
481	506	851	876
税
350	377	849	874
计
419	445	850	877
合
383	411	848	874
写
519	542	852	877
小
1509	1535	867	892
写
1542	1565	868	893
名
285	310	912	937
销
230	257	923	950
称
439	466	915	940
备
1224	1253	947	974
纳
287	310	953	977
别
405	431	955	981
号
438	463	956	982
识
375	402	955	979
售
228	251	972	998
地
283	310	993	1017
址
329	356	994	1017
电
394	414	995	1020
话
436	463	998	1020
方
221	251	1022	1047
账
396	424	1036	1060
注
1226	1252	1034	1059
人
284	315	1087	1104
款
249	278	1084	1103
复
716	741	1093	1120
开
1108	1135	1104	1129
人
1181	1213	1106	1128
核
752	782	1094	1120
票
1146	1172	1102	1131
方
1628	1654	1119	1147
收
216	241	1078	1102
号
433	454	1032	1062
销
1546	1573	1113	1143
售
1586	1614	1116	1145
人
381	405	324	347
税
317	342	954	980
人
345	371	953	978
开
277	302	1034	1058
户
309	331	1033	1059
行
338	365	1033	1059
单
922	946	465	489
及
370	393	1037	1059
购
1992	2015	696	721
买
1993	2015	728	753
方
1993	2019	758	784
