备注
1247	1275	936	1046
单价
1238	1319	441	471
单位
919	978	446	476
复核
739	804	1107	1135
合计
321	529	806	836
金额
1447	1558	438	464
名称
257	446	256	284
名称
268	460	936	964
数量
1057	1137	445	471
税额
1802	1908	434	459
税率
1653	1713	434	463
小写
1528	1585	836	874
购买方
197	225	283	413
开票人
1134	1238	1095	1129
密码区
1240	1268	252	411
收款人
217	325	1118	1144
销售方
207	240	954	1081
销售方
1556	1660	1078	1113
地址电话
258	451	353	380
地址电话
271	461	1020	1047
服务名称
479	605	451	478
规格型号
710	843	449	475
开票日期
1527	1654	167	195
价税合计大写
293	534	868	899
开户行及账号
259	450	401	430
开户行及账号
273	461	1060	1088
纳税人识别号
261	447	305	333
纳税人识别号
272	460	977	1006
货物或应税劳务
230	455	452	482
购买方
1990	2015	654	741
