备注
1144	1170	925	1028
单价
1152	1224	477	503
单位
870	922	468	493
复核
673	733	1061	1085
合计
309	499	769	801
金额
1339	1440	482	508
名称
294	465	278	305
名称
249	425	887	914
数量
992	1063	473	497
税额
1669	1774	492	517
税率
1528	1585	488	513
小写
1407	1460	857	881
购买方
238	263	299	408
开票人
1034	1128	1069	1094
密码区
1157	1182	313	449
收款人
195	292	1050	1078
销售方
190	219	908	1010
销售方
1390	1487	1078	1109
地址电话
292	462	363	390
地址电话
246	422	964	991
服务名称
496	611	458	482
规格型号
681	800	462	489
开票日期
1415	1531	251	276
价税合计大写
279	498	827	857
开户行及账号
290	459	405	434
开户行及账号
246	419	1003	1032
纳税人识别号
296	463	321	349
纳税人识别号
250	423	926	954
货物或应税劳务
243	456	451	480
购买方
1851	1873	702	783
