备注
1110	1137	964	1077
单价
1101	1181	477	507
单位
791	847	481	510
复核
600	666	1127	1155
合计
214	409	828	856
金额
1306	1416	475	501
名称
158	343	300	325
名称
160	340	954	979
数量
924	1002	481	506
税额
1660	1770	473	498
税率
1511	1571	473	501
小写
1391	1445	876	901
购买方
97	127	321	447
开票人
994	1097	1123	1153
密码区
1102	1129	295	448
收款人
94	195	1126	1158
销售方
99	130	967	1092
销售方
1424	1531	1116	1152
地址电话
160	345	392	417
地址电话
161	342	1034	1059
服务名称
370	489	485	514
规格型号
591	718	484	510
开票日期
1384	1512	211	239
价税合计大写
186	413	888	917
开户行及账号
163	345	433	465
开户行及账号
157	337	1074	1102
纳税人识别号
163	344	346	372
纳税人识别号
163	340	994	1021
货物或应税劳务
137	347	487	514
购买方
1865	1892	693	781
