备注
1129	1156	874	982
单价
1121	1198	403	431
单位
820	875	404	433
复核
644	705	1033	1062
合计
240	439	745	773
金额
1319	1425	400	425
名称
190	370	217	244
名称
187	372	869	895
数量
949	1025	404	430
税额
1665	1774	396	421
税率
1517	1578	397	425
小写
1401	1458	792	817
购买方
132	158	244	363
开票人
1025	1110	1028	1055
密码区
1121	1148	224	373
收款人
145	247	1047	1072
销售方
124	155	895	1002
销售方
1387	1491	1025	1052
地址电话
192	371	309	336
地址电话
187	372	951	977
服务名称
409	540	404	433
规格型号
620	745	403	432
开票日期
1396	1520	141	168
价税合计大写
213	444	806	835
开户行及账号
193	370	355	383
开户行及账号
190	371	991	1019
纳税人识别号
194	369	261	291
纳税人识别号
191	371	910	938
货物或应税劳务
138	369	405	437
购买方
1859	1884	610	696
