备注
1194	1221	914	1022
单价
1191	1265	453	480
单位
899	951	452	478
复核
712	773	1067	1094
合计
332	526	773	800
金额
1382	1487	454	479
名称
302	477	271	296
名称
275	455	893	918
数量
1023	1096	453	477
税额
1722	1827	456	480
税率
1577	1635	455	481
小写
1463	1517	837	862
购买方
241	269	289	405
开票人
1084	1181	1068	1095
密码区
1192	1218	285	426
收款人
222	322	1069	1094
销售方
212	243	908	1032
销售方
1489	1592	1070	1100
地址电话
298	475	357	381
地址电话
270	451	974	998
服务名称
496	613	449	473
规格型号
708	828	451	476
开票日期
1456	1575	212	238
价税合计大写
302	528	832	859
开户行及账号
298	473	399	426
开户行及账号
270	447	1013	1041
纳税人识别号
304	475	314	340
纳税人识别号
275	452	933	960
货物或应税劳务
269	474	446	472
购买方
1917	1940	669	753
