备注
1165	1191	918	1022
单价
1164	1237	466	493
单位
876	928	464	491
复核
700	760	1065	1091
合计
321	514	782	809
金额
1351	1455	467	491
名称
276	450	281	306
名称
268	446	900	924
数量
998	1071	466	489
税额
1682	1787	469	492
税率
1542	1599	467	493
小写
1424	1476	842	865
购买方
219	245	300	418
开票人
1059	1153	1065	1090
密码区
1166	1191	295	439
收款人
224	325	1069	1093
销售方
210	239	915	1035
销售方
1443	1542	1065	1090
地址电话
275	451	369	393
地址电话
268	446	977	1001
服务名称
474	591	461	486
规格型号
685	805	463	489
开票日期
1429	1546	224	250
价税合计大写
293	517	840	867
开户行及账号
276	450	412	439
开户行及账号
268	443	1016	1042
纳税人识别号
279	450	325	351
纳税人识别号
271	445	938	964
货物或应税劳务
249	453	459	485
购买方
1865	1888	678	759
