备注
1164	1189	935	1035
单价
1168	1239	501	526
单位
893	943	493	519
复核
707	766	1068	1091
合计
353	534	788	817
金额
1350	1449	504	528
名称
336	500	315	340
名称
295	466	902	927
数量
1012	1081	497	521
税额
1674	1776	511	534
税率
1536	1591	507	532
小写
1420	1472	868	891
购买方
282	305	335	440
开票人
1058	1149	1075	1100
密码区
1172	1196	341	473
收款人
244	337	1063	1085
销售方
236	265	922	1022
销售方
1400	1500	1082	1117
地址电话
333	498	396	422
地址电话
292	464	977	1001
服务名称
527	642	486	509
规格型号
711	826	489	514
开票日期
1423	1536	278	302
价税合计大写
324	536	845	875
开户行及账号
333	495	437	464
开户行及账号
292	461	1014	1041
纳税人识别号
337	498	355	382
纳税人识别号
296	464	940	966
货物或应税劳务
287	492	482	508
购买方
1855	1877	713	792
