备注
1257	1285	984	1097
单价
1247	1328	484	514
单位
926	984	488	518
复核
747	812	1158	1187
合计
319	528	853	884
金额
1454	1567	482	508
名称
251	446	296	323
名称
265	460	984	1014
数量
1062	1143	487	513
税额
1812	1924	478	503
税率
1662	1723	478	506
小写
1540	1596	892	918
购买方
190	218	321	453
开票人
1142	1244	1147	1175
密码区
1246	1275	296	455
收款人
224	332	1173	1200
销售方
203	235	1005	1136
销售方
1566	1668	1133	1162
地址电话
252	449	395	421
地址电话
268	461	1071	1099
服务名称
484	607	492	521
规格型号
712	847	490	518
开票日期
1534	1662	212	240
价税合计大写
291	533	918	949
开户行及账号
256	448	444	472
开户行及账号
270	460	1112	1142
纳税人识别号
255	446	345	373
纳税人识别号
269	460	1027	1056
货物或应税劳务
226	453	495	524
购买方
2011	2035	703	791
