备注
1153	1179	904	1007
单价
1150	1223	455	482
单位
863	916	454	481
复核
687	747	1058	1084
合计
302	496	777	803
金额
1336	1436	456	480
名称
257	435	271	296
名称
249	429	896	921
数量
986	1059	456	480
税额
1661	1763	457	480
税率
1523	1579	455	481
小写
1411	1463	828	851
购买方
199	225	294	407
开票人
1048	1141	1051	1077
密码区
1152	1177	286	427
收款人
206	306	1066	1093
销售方
191	219	921	1024
销售方
1398	1493	1048	1074
地址电话
256	435	357	383
地址电话
249	430	973	1002
服务名称
471	598	452	477
规格型号
672	792	454	479
开票日期
1410	1526	214	240
价税合计大写
277	500	836	863
开户行及账号
258	434	403	429
开户行及账号
250	429	1013	1044
纳税人识别号
261	434	315	341
纳税人识别号
254	428	936	962
货物或应税劳务
208	432	450	477
购买方
1840	1864	659	739
