备注
1154	1181	906	1015
单价
1149	1224	442	469
单位
854	908	441	469
复核
668	730	1064	1091
合计
280	477	769	796
金额
1341	1446	443	467
名称
248	424	260	284
名称
222	405	891	916
数量
980	1054	443	467
税额
1681	1787	444	467
税率
1536	1594	443	469
小写
1423	1477	828	852
购买方
185	213	279	396
开票人
1044	1141	1061	1088
密码区
1150	1176	273	415
收款人
170	272	1069	1094
销售方
161	190	906	1032
销售方
1447	1552	1057	1093
地址电话
242	423	347	371
地址电话
218	402	972	997
服务名称
445	564	439	464
规格型号
660	783	441	467
开票日期
1416	1535	198	228
价税合计大写
251	479	828	856
开户行及账号
243	421	391	417
开户行及账号
219	398	1013	1040
纳税人识别号
248	423	303	329
纳税人识别号
224	403	931	958
货物或应税劳务
214	422	438	464
购买方
1877	1901	657	740
