备注
1159	1186	934	1030
单价
1163	1230	523	547
单位
902	949	519	543
复核
723	776	1062	1086
合计
397	568	798	825
金额
1335	1428	525	548
名称
373	528	349	371
名称
344	504	905	928
数量
1013	1079	521	544
税额
1639	1734	531	553
税率
1509	1560	529	552
小写
1407	1453	867	889
购买方
319	342	368	468
开票人
1061	1147	1068	1092
密码区
1166	1190	370	498
收款人
299	387	1057	1079
销售方
291	317	924	1017
销售方
1397	1486	1075	1102
地址电话
370	525	426	448
地址电话
340	501	975	999
服务名称
555	663	510	533
规格型号
730	838	516	539
开票日期
1402	1510	308	331
价税合计大写
369	570	849	875
开户行及账号
370	523	464	489
开户行及账号
340	498	1010	1036
纳税人识别号
374	525	387	411
纳税人识别号
345	502	940	964
货物或应税劳务
324	522	506	531
购买方
1810	1833	724	799
