备注
1191	1220	936	1053
单价
1189	1269	450	479
单位
880	936	451	480
复核
664	731	1095	1124
合计
300	495	787	816
金额
1396	1508	449	476
名称
286	449	271	300
名称
219	408	907	936
数量
1011	1090	451	477
税额
1762	1881	445	471
税率
1601	1665	448	476
小写
1478	1532	855	881
购买方
225	254	300	414
开票人
1071	1178	1100	1130
密码区
1191	1219	269	421
收款人
145	249	1088	1114
销售方
148	195	920	1050
销售方
1512	1622	1108	1140
地址电话
280	448	360	384
地址电话
212	397	990	1018
服务名称
464	582	449	474
规格型号
683	808	452	478
开票日期
1477	1600	190	218
价税合计大写
263	493	843	871
开户行及账号
277	443	403	429
开户行及账号
206	391	1032	1062
纳税人识别号
284	448	316	342
纳税人识别号
221	401	949	980
货物或应税劳务
247	443	450	477
购买方
1978	2007	674	765
