备注
1154	1180	930	1035
单价
1160	1233	475	501
单位
872	924	466	493
复核
673	736	1069	1093
合计
312	497	775	805
金额
1350	1452	479	505
名称
288	461	278	305
名称
253	426	893	920
数量
995	1068	471	496
税额
1687	1794	488	511
税率
1543	1601	483	509
小写
1422	1477	861	885
购买方
231	257	300	409
开票人
1043	1140	1077	1102
密码区
1164	1190	307	446
收款人
193	289	1061	1085
销售方
189	220	914	1017
销售方
1413	1509	1087	1120
地址电话
284	459	364	391
地址电话
248	423	971	998
服务名称
492	610	460	484
规格型号
682	801	462	489
开票日期
1428	1547	240	265
价税合计大写
283	499	833	862
开户行及账号
284	456	407	435
开户行及账号
247	420	1010	1039
纳税人识别号
289	459	321	349
纳税人识别号
253	424	932	961
货物或应税劳务
235	453	453	481
购买方
1878	1900	700	783
