备注
1274	1302	962	1073
单价
1277	1355	475	503
单位
968	1025	468	496
复核
770	834	1121	1145
合计
354	566	811	845
金额
1480	1588	479	507
名称
316	507	258	287
名称
297	491	942	968
数量
1101	1179	472	499
税额
1825	1927	490	515
税率
1681	1739	484	511
小写
1553	1609	884	909
购买方
254	282	283	405
开票人
1160	1259	1118	1145
密码区
1281	1307	291	443
收款人
246	354	1124	1146
销售方
233	263	965	1076
销售方
1533	1634	1118	1149
地址电话
315	507	354	383
地址电话
297	491	1026	1052
服务名称
545	679	459	486
规格型号
760	892	463	493
开票日期
1560	1681	223	252
价税合计大写
326	568	876	906
开户行及账号
315	504	402	432
开户行及账号
298	489	1066	1095
纳税人识别号
318	506	307	337
纳税人识别号
299	489	984	1012
货物或应税劳务
263	502	455	484
购买方
2001	2024	709	793
