备注
1186	1212	913	1020
单价
1180	1254	450	477
单位
886	939	450	478
复核
711	772	1068	1095
合计
319	514	781	808
金额
1370	1474	450	475
名称
271	449	267	291
名称
266	447	902	927
数量
1011	1085	451	475
税额
1704	1809	450	474
税率
1563	1620	449	475
小写
1448	1501	832	856
购买方
213	239	286	408
开票人
1078	1175	1064	1090
密码区
1181	1206	277	422
收款人
222	324	1075	1101
销售方
207	235	918	1041
销售方
1471	1570	1059	1085
地址电话
270	449	356	381
地址电话
267	448	981	1007
服务名称
473	593	448	474
规格型号
691	814	451	477
开票日期
1446	1564	204	230
价税合计大写
291	516	840	868
开户行及账号
272	448	401	427
开户行及账号
267	446	1020	1048
纳税人识别号
275	448	312	338
纳税人识别号
269	447	941	968
货物或应税劳务
243	452	449	475
购买方
1892	1916	661	743
