备注
1239	1269	959	1069
单价
1227	1306	477	506
单位
918	975	482	511
复核
741	806	1128	1155
合计
336	537	835	865
金额
1431	1539	472	498
名称
271	459	300	326
名称
285	469	962	989
数量
1050	1128	481	506
税额
1775	1879	467	493
税率
1631	1690	468	496
小写
1514	1567	868	892
购买方
210	241	325	451
开票人
1131	1234	1116	1144
密码区
1227	1255	294	447
收款人
228	334	1139	1159
销售方
227	256	979	1103
销售方
1551	1651	1100	1131
地址电话
275	461	394	420
地址电话
288	472	1044	1070
服务名称
491	613	488	517
规格型号
716	844	485	512
开票日期
1508	1632	209	236
价税合计大写
310	542	896	926
开户行及账号
277	462	440	469
开户行及账号
287	469	1084	1111
纳税人识别号
276	460	347	374
纳税人识别号
289	469	1003	1031
货物或应税劳务
251	467	490	520
购买方
1966	1991	682	767
