备注
1224	1253	947	1059
单价
1225	1305	465	493
单位
922	977	463	491
复核
716	782	1093	1120
合计
346	540	789	819
金额
1428	1538	467	494
名称
318	497	276	304
名称
285	466	912	940
数量
1051	1128	466	490
税额
1786	1896	472	498
税率
1634	1695	469	497
小写
1509	1565	867	893
购买方
258	284	295	415
开票人
1108	1213	1102	1131
密码区
1229	1257	287	435
收款人
216	315	1078	1104
销售方
221	257	923	1047
销售方
1546	1654	1113	1147
地址电话
317	496	365	391
地址电话
283	463	993	1020
服务名称
516	632	461	486
规格型号
729	851	463	490
开票日期
1511	1638	211	237
价税合计大写
315	542	848	877
开户行及账号
317	494	409	437
开户行及账号
277	454	1032	1062
纳税人识别号
321	496	321	349
纳税人识别号
287	463	953	982
货物或应税劳务
289	495	457	484
购买方
1992	2019	696	784
