备注
1207	1236	909	1022
单价
1200	1279	427	455
单位
894	951	428	457
复核
714	780	1068	1096
合计
309	512	772	800
金额
1403	1512	425	450
名称
255	441	238	264
名称
254	441	898	924
数量
1025	1102	429	454
税额
1755	1864	424	448
税率
1606	1666	423	451
小写
1488	1545	826	852
购买方
195	226	264	383
开票人
1096	1197	1063	1093
密码区
1202	1233	243	396
收款人
213	316	1077	1104
销售方
197	225	923	1031
销售方
1474	1579	1059	1097
地址电话
256	442	331	356
地址电话
257	442	980	1009
服务名称
482	614	429	455
规格型号
691	819	429	455
开票日期
1481	1606	163	190
价税合计大写
280	516	834	863
开户行及账号
257	441	377	405
开户行及账号
258	440	1022	1050
纳税人识别号
258	441	285	312
纳税人识别号
258	440	939	967
货物或应税劳务
204	441	429	456
购买方
1949	1974	642	728
