备注
1199	1227	914	1026
单价
1199	1276	442	470
单位
900	954	434	462
复核
697	763	1067	1093
合计
306	509	759	790
金额
1397	1503	445	472
名称
291	467	244	268
名称
244	433	886	913
数量
1028	1104	438	467
税额
1742	1849	452	477
税率
1595	1654	449	476
小写
1476	1529	835	860
开票人
1084	1186	1071	1095
密码区
1202	1229	271	414
收款人
186	291	1063	1086
销售方
183	214	897	1026
销售方
1505	1608	1074	1104
地址电话
286	464	330	356
地址电话
240	429	968	995
服务名称
483	604	424	453
规格型号
703	827	431	459
开票日期
1472	1593	200	228
价税合计大写
276	511	820	849
开户行及账号
284	461	374	402
开户行及账号
240	426	1009	1038
纳税人识别号
291	465	286	314
纳税人识别号
245	429	927	956
货物或应税劳务
255	462	423	451
购买方
230	255	273	383
购买方
1939	1963	668	754
