备注
1176	1201	910	1015
单价
1178	1249	461	487
单位
895	946	455	481
复核
701	762	1050	1074
合计
345	527	762	790
金额
1366	1466	465	489
名称
325	491	275	301
名称
287	457	878	904
数量
1016	1087	459	483
税额
1700	1804	469	493
税率
1556	1613	467	492
小写
1441	1494	840	864
购买方
266	291	297	404
开票人
1067	1163	1057	1081
密码区
1181	1205	297	433
收款人
226	321	1046	1069
销售方
223	254	900	1002
销售方
1432	1531	1066	1101
地址电话
319	489	358	384
地址电话
281	454	956	982
服务名称
522	638	451	475
规格型号
708	825	452	478
开票日期
1440	1556	229	254
价税合计大写
318	529	820	847
开户行及账号
319	486	401	428
开户行及账号
280	450	994	1023
纳税人识别号
323	490	316	344
纳税人识别号
286	454	917	944
货物或应税劳务
271	484	446	473
购买方
1891	1913	678	760
