备注
1158	1185	918	1023
单价
1159	1233	460	487
单位
866	919	458	485
复核
684	745	1068	1094
合计
305	497	779	807
金额
1349	1455	461	486
名称
263	438	273	298
名称
252	428	898	923
数量
990	1064	460	484
税额
1687	1792	464	488
税率
1543	1601	462	488
小写
1423	1477	841	867
购买方
206	231	291	411
开票人
1049	1144	1068	1094
密码区
1160	1186	289	433
收款人
207	303	1068	1093
销售方
196	223	912	1033
销售方
1443	1542	1068	1098
地址电话
261	439	361	386
地址电话
251	427	976	1001
服务名称
460	579	454	479
规格型号
674	795	457	483
开票日期
1428	1548	216	242
价税合计大写
278	499	838	865
开户行及账号
264	437	405	431
开户行及账号
251	423	1015	1043
纳税人识别号
266	437	317	343
纳税人识别号
255	427	937	964
货物或应税劳务
234	439	452	478
购买方
1870	1894	677	759
