备注
1172	1198	953	1058
单价
1162	1237	490	517
单位
865	919	491	518
复核
694	754	1111	1138
合计
305	492	827	854
金额
1355	1459	489	512
名称
252	431	316	340
名称
253	425	950	974
数量
993	1067	492	516
税额
1695	1800	485	509
税率
1550	1608	486	511
小写
1440	1494	873	895
购买方
198	222	342	456
开票人
1064	1162	1103	1129
密码区
1161	1187	316	461
收款人
211	303	1123	1147
销售方
196	221	974	1078
销售方
1432	1530	1097	1127
地址电话
254	433	406	429
地址电话
249	427	1030	1054
服务名称
473	594	496	521
规格型号
669	792	493	518
开票日期
1427	1547	239	264
价税合计大写
279	497	888	914
开户行及账号
255	432	450	475
开户行及账号
249	427	1068	1095
纳税人识别号
256	431	361	385
纳税人识别号
254	425	989	1015
货物或应税劳务
206	432	498	525
购买方
1888	1910	695	776
