备注
1163	1191	899	1012
单价
1154	1233	409	438
单位
841	899	410	439
复核
656	721	1073	1101
合计
231	441	769	798
金额
1357	1465	408	434
名称
178	372	217	242
名称
174	369	900	929
数量
976	1055	411	436
税额
1705	1812	407	431
税率
1558	1618	406	433
小写
1443	1500	812	837
购买方
114	141	242	366
开票人
1050	1151	1060	1089
密码区
1155	1183	225	378
收款人
127	237	1089	1117
销售方
108	139	930	1043
销售方
1430	1532	1049	1079
地址电话
178	372	313	339
地址电话
175	371	986	1015
服务名称
413	550	412	440
规格型号
632	763	411	438
开票日期
1433	1557	146	173
价税合计大写
202	446	834	864
开户行及账号
179	370	360	388
开户行及账号
176	369	1028	1059
纳税人识别号
182	371	265	292
纳税人识别号
178	368	943	972
货物或应税劳务
124	369	412	441
购买方
1898	1923	624	709
