备注
1145	1168	958	1069
单价
1137	1215	476	505
单位
829	884	478	507
复核
650	710	1120	1146
合计
248	446	823	850
金额
1339	1447	476	501
名称
186	372	289	314
名称
197	380	947	973
数量
960	1038	478	503
税额
1687	1802	471	503
税率
1542	1603	475	500
小写
1419	1475	875	899
购买方
126	151	315	435
开票人
1031	1128	1114	1141
密码区
1139	1165	292	445
收款人
152	254	1125	1150
销售方
137	164	973	1080
销售方
1404	1504	1109	1138
地址电话
186	375	383	408
地址电话
198	381	1029	1054
服务名称
417	547	481	506
规格型号
625	753	479	506
开票日期
1419	1545	212	239
价税合计大写
222	451	885	912
开户行及账号
188	375	430	457
开户行及账号
198	379	1069	1096
纳税人识别号
189	373	336	362
纳税人识别号
200	379	988	1014
货物或应税劳务
136	374	481	508
购买方
1884	1908	693	780
