备注
1118	1148	981	1097
单价
1099	1183	470	501
单位
766	827	479	511
复核
596	664	1163	1194
合计
155	368	863	897
金额
1315	1432	462	490
名称
79	269	291	325
名称
106	303	996	1029
数量
909	993	476	508
税额
1692	1809	450	478
税率
1532	1596	455	484
小写
1409	1465	880	907
开票人
1002	1109	1146	1175
密码区
1097	1126	275	438
收款人
65	175	1185	1214
销售方
45	81	1019	1150
销售方
1440	1549	1127	1159
地址电话
83	274	394	425
地址电话
112	308	1083	1113
服务名称
310	437	492	525
规格型号
546	684	485	515
开票日期
1394	1528	178	208
价税合计大写
130	376	926	961
开户行及账号
86	275	443	476
开户行及账号
117	309	1123	1156
纳税人识别号
84	270	342	375
纳税人识别号
112	303	1040	1072
货物或应税劳务
59	281	497	531
购买方
20	50	332	460
购买方
1902	1929	679	770
