备注
1232	1261	900	1015
单价
1226	1303	429	457
单位
931	984	430	458
复核
728	793	1055	1084
合计
367	558	753	781
金额
1425	1533	429	455
名称
364	523	262	288
名称
295	477	873	901
数量
1056	1131	430	454
税额
1774	1876	431	457
税率
1623	1684	429	456
小写
1513	1566	820	846
购买方
304	333	288	397
开票人
1117	1220	1060	1089
密码区
1228	1255	259	401
收款人
239	335	1049	1076
销售方
237	272	885	1012
销售方
1544	1648	1068	1103
地址电话
357	520	345	368
地址电话
293	469	954	981
服务名称
535	648	429	453
规格型号
744	863	432	458
开票日期
1500	1617	184	211
价税合计大写
332	557	809	837
开户行及账号
355	515	386	411
开户行及账号
291	465	995	1025
纳税人识别号
362	520	304	328
纳税人识别号
299	472	913	945
货物或应税劳务
325	515	430	456
购买方
1968	1994	651	736
