备注
1216	1242	967	1078
单价
1203	1280	483	511
单位
894	949	485	514
复核
713	777	1141	1169
合计
293	502	840	870
金额
1402	1507	481	506
名称
243	427	294	322
名称
236	429	971	1000
数量
1026	1102	485	511
税额
1737	1838	480	504
税率
1598	1654	479	505
小写
1487	1541	878	903
购买方
181	206	320	448
开票人
1108	1209	1127	1155
密码区
1202	1228	304	455
收款人
177	289	1158	1186
销售方
173	202	991	1122
销售方
1523	1620	1106	1139
地址电话
239	428	390	417
地址电话
236	430	1057	1086
服务名称
457	583	487	513
规格型号
687	817	486	513
开票日期
1474	1593	225	254
价税合计大写
263	504	904	935
开户行及账号
242	427	437	466
开户行及账号
236	428	1098	1128
纳税人识别号
244	427	342	370
纳税人识别号
239	429	1013	1043
货物或应税劳务
213	430	488	516
购买方
1921	1943	694	777
