备注
1131	1160	888	999
单价
1129	1206	416	445
单位
828	884	415	442
复核
645	707	1042	1073
合计
245	449	752	779
金额
1328	1434	415	440
名称
205	387	226	253
名称
192	376	875	901
数量
956	1033	417	442
税额
1674	1784	415	439
税率
1527	1587	414	442
小写
1406	1463	809	834
购买方
139	172	245	368
开票人
1021	1120	1042	1069
密码区
1130	1158	238	387
收款人
147	248	1051	1078
销售方
1390	1494	1042	1070
销售方
132	162	900	1007
地址电话
204	384	318	343
地址电话
191	376	957	983
服务名称
420	550	412	440
规格型号
628	755	415	442
开票日期
1405	1531	157	184
价税合计大写
217	449	812	845
开户行及账号
204	382	363	390
开户行及账号
191	372	997	1026
纳税人识别号
208	383	272	298
纳税人识别号
194	374	916	944
货物或应税劳务
153	381	412	439
购买方
1868	1892	631	716
