备注
1218	1243	956	1058
单价
1214	1286	512	539
单位
930	982	511	537
复核
757	817	1109	1134
合计
372	567	831	858
金额
1401	1501	513	537
名称
324	502	323	349
名称
320	499	950	977
数量
1052	1123	513	540
税额
1725	1824	515	539
税率
1588	1643	514	539
小写
1469	1519	876	900
开票人
1114	1208	1100	1124
密码区
1216	1242	344	485
收款人
276	377	1119	1141
销售方
263	291	966	1086
销售方
1493	1582	1090	1117
地址电话
323	503	412	437
地址电话
321	500	1029	1054
服务名称
529	645	505	533
规格型号
741	861	509	535
开票日期
1478	1593	272	299
价税合计大写
345	570	889	916
开户行及账号
325	502	456	483
开户行及账号
322	499	1066	1093
纳税人识别号
327	501	367	395
纳税人识别号
323	499	989	1015
货物或应税劳务
297	505	505	531
购买方
266	292	346	467
购买方
1893	1919	717	794
