备注
1182	1211	997	1113
单价
1180	1262	489	519
单位
861	918	489	519
复核
670	733	1152	1179
合计
269	463	839	870
金额
1392	1508	489	516
名称
223	403	297	323
名称
216	399	966	992
数量
996	1076	491	516
税额
1762	1879	488	518
税率
1607	1670	489	518
小写
1474	1533	912	937
购买方
164	190	320	447
开票人
1063	1167	1160	1187
密码区
1182	1211	298	459
收款人
170	274	1145	1170
销售方
156	185	979	1107
销售方
1493	1601	1158	1186
地址电话
222	402	392	417
地址电话
216	401	1048	1074
服务名称
428	547	488	515
规格型号
651	783	489	517
开票日期
1478	1607	218	247
价税合计大写
242	468	901	932
开户行及账号
224	401	439	467
开户行及账号
217	399	1088	1117
纳税人识别号
226	402	344	371
纳税人识别号
219	398	1006	1035
货物或应税劳务
195	403	489	516
购买方
1970	1997	725	817
