备注
1141	1166	945	1049
单价
1137	1214	470	499
单位
830	886	471	499
复核
648	710	1099	1125
合计
257	453	809	835
金额
1338	1447	470	495
名称
206	378	282	309
名称
209	386	931	954
数量
962	1037	472	497
税额
1688	1796	470	493
税率
1541	1601	466	497
小写
1413	1468	865	888
购买方
150	174	307	430
开票人
1030	1127	1096	1123
密码区
1139	1165	290	442
收款人
152	253	1103	1130
销售方
151	177	945	1068
销售方
1441	1536	1090	1120
地址电话
205	380	376	401
地址电话
208	388	1010	1034
服务名称
405	528	471	499
规格型号
630	755	471	498
开票日期
1420	1547	209	236
价税合计大写
232	457	869	895
开户行及账号
206	380	422	448
开户行及账号
209	386	1048	1075
纳税人识别号
208	378	329	356
纳税人识别号
210	386	970	996
货物或应税劳务
180	382	470	497
购买方
1872	1897	687	774
