备注
1171	1198	1032	1142
单价
1167	1246	545	575
单位
858	914	546	575
复核
669	734	1188	1213
合计
273	468	890	919
金额
1373	1484	545	571
名称
233	416	361	385
名称
216	400	1017	1042
数量
991	1069	547	572
税额
1735	1849	546	570
税率
1581	1643	544	573
小写
1453	1511	952	977
购买方
175	201	384	503
开票人
1056	1157	1186	1214
密码区
1169	1196	363	515
收款人
164	268	1191	1217
销售方
157	183	1040	1148
销售方
1436	1540	1185	1225
地址电话
235	417	453	477
地址电话
217	401	1098	1122
服务名称
451	576	547	573
规格型号
653	781	546	573
开票日期
1453	1581	282	308
价税合计大写
243	473	952	981
开户行及账号
236	415	498	525
开户行及账号
218	400	1137	1165
纳税人识别号
237	416	407	433
纳税人识别号
219	399	1057	1084
货物或应税劳务
185	412	549	575
购买方
1931	1957	769	857
