备注
1235	1264	998	1114
单价
1236	1319	491	521
单位
917	976	488	517
复核
716	780	1157	1184
合计
320	520	833	865
金额
1449	1566	492	520
名称
286	467	292	316
名称
265	447	960	989
数量
1053	1131	493	519
税额
1807	1923	500	525
税率
1657	1718	496	524
小写
1529	1589	915	941
购买方
226	253	313	439
开票人
1113	1218	1162	1190
密码区
1239	1267	304	461
收款人
212	316	1142	1168
销售方
202	233	973	1102
销售方
1547	1652	1159	1193
地址电话
283	464	386	410
地址电话
261	445	1044	1073
服务名称
489	611	484	511
规格型号
708	839	485	513
开票日期
1533	1656	225	257
价税合计大写
291	522	896	928
开户行及账号
284	461	432	460
开户行及账号
261	443	1085	1117
纳税人识别号
288	464	339	365
纳税人识别号
265	446	1002	1033
货物或应税劳务
255	463	483	510
购买方
2009	2035	732	821
