备注
1174	1200	931	1035
单价
1166	1242	465	493
单位
867	920	470	498
复核
692	754	1086	1112
合计
313	503	804	830
金额
1362	1471	461	486
名称
264	431	295	323
名称
265	437	924	949
数量
994	1068	469	493
税额
1708	1816	455	479
税率
1562	1621	456	483
小写
1443	1498	849	873
购买方
212	235	322	440
开票人
1067	1163	1081	1108
密码区
1166	1192	290	437
收款人
210	307	1095	1120
销售方
209	235	940	1060
销售方
1473	1574	1073	1102
地址电话
264	433	386	412
地址电话
265	439	1002	1026
服务名称
457	575	475	502
规格型号
673	794	473	498
开票日期
1438	1563	205	231
价税合计大写
289	506	863	890
开户行及账号
266	432	429	457
开户行及账号
265	437	1040	1066
纳税人识别号
268	431	340	368
纳税人识别号
266	437	963	988
货物或应税劳务
240	435	476	504
购买方
1899	1923	670	753
