备注
1113	1135	864	956
单价
1103	1168	460	484
单位
846	893	464	488
复核
708	758	997	1020
合计
365	531	757	782
金额
1271	1359	457	478
名称
310	463	310	334
名称
327	478	862	884
数量
957	1020	463	484
税额
1568	1659	453	474
税率
1440	1491	453	477
小写
1338	1384	789	809
购买方
261	284	335	436
开票人
1020	1103	995	1017
密码区
1103	1126	306	434
收款人
297	382	1008	1029
销售方
279	303	885	972
销售方
1326	1410	982	1004
地址电话
311	465	390	412
地址电话
331	481	929	952
服务名称
500	609	469	491
规格型号
676	783	467	488
开票日期
1335	1440	237	260
价税合计大写
346	536	809	834
开户行及账号
313	465	428	453
开户行及账号
333	481	962	985
纳税人识别号
313	463	350	374
纳税人识别号
332	478	895	917
货物或应税劳务
272	465	471	496
购买方
1727	1746	635	707
