备注
1163	1191	900	1014
单价
1164	1242	413	441
单位
856	911	405	437
复核
643	711	1055	1084
合计
254	460	739	772
金额
1366	1473	417	445
名称
240	418	216	242
名称
188	380	868	897
数量
989	1066	410	436
税额
1716	1824	425	452
税率
1567	1626	422	449
小写
1447	1503	816	845
购买方
175	206	237	357
开票人
1045	1150	1060	1093
密码区
1168	1194	236	384
收款人
113	220	1046	1075
销售方
120	156	880	1011
销售方
1481	1587	1065	1096
地址电话
233	417	304	332
地址电话
182	373	953	981
服务名称
435	555	402	428
规格型号
656	782	405	433
开票日期
1444	1566	168	195
价税合计大写
220	461	801	832
开户行及账号
230	413	349	378
开户行及账号
180	368	995	1025
纳税人识别号
240	416	261	289
纳税人识别号
187	376	910	941
货物或应税劳务
198	412	396	425
购买方
1917	1942	648	735
