备注
1150	1176	914	1024
单价
1147	1223	454	481
单位
852	907	452	479
复核
662	723	1069	1096
合计
284	480	778	806
金额
1340	1444	455	480
名称
230	411	899	924
名称
240	418	262	286
数量
978	1054	454	479
税额
1675	1780	458	482
税率
1533	1591	456	483
小写
1421	1473	837	862
购买方
180	208	287	400
开票人
1041	1137	1067	1094
密码区
1151	1177	280	426
收款人
188	287	1069	1094
销售方
174	202	921	1026
销售方
1411	1508	1066	1094
地址电话
238	417	350	375
地址电话
231	411	978	1003
服务名称
455	580	446	472
规格型号
657	782	450	477
开票日期
1412	1533	207	234
价税合计大写
257	484	835	864
开户行及账号
240	416	395	422
开户行及账号
232	409	1017	1044
纳税人识别号
242	416	306	332
纳税人识别号
233	410	938	966
货物或应税劳务
192	417	443	471
购买方
1860	1885	672	754
