备注
1274	1304	945	1063
单价
1262	1345	435	466
单位
939	998	439	470
复核
751	818	1120	1149
合计
323	535	805	835
金额
1475	1589	433	459
名称
269	461	243	271
名称
269	464	938	966
数量
1077	1158	439	465
税额
1842	1953	431	457
税率
1688	1751	430	459
小写
1567	1627	855	881
购买方
206	234	272	397
开票人
1157	1264	1112	1142
密码区
1263	1292	243	403
收款人
223	332	1128	1155
销售方
207	236	966	1080
销售方
1557	1665	1106	1134
地址电话
270	463	342	368
地址电话
271	465	1025	1052
服务名称
504	643	442	471
规格型号
726	861	441	469
开票日期
1554	1684	159	187
价税合计大写
297	540	871	901
开户行及账号
270	462	391	419
开户行及账号
272	463	1068	1097
纳税人识别号
273	461	293	320
纳税人识别号
274	463	981	1010
货物或应税劳务
214	462	443	472
购买方
2046	2071	658	748
