备注
1195	1221	983	1088
单价
1184	1259	524	552
单位
891	943	530	558
复核
721	781	1134	1160
合计
360	539	858	884
金额
1380	1484	520	544
名称
302	473	366	390
名称
312	477	974	998
数量
1016	1089	528	553
税额
1720	1830	509	540
税率
1576	1633	516	541
小写
1461	1514	900	924
购买方
246	275	388	505
开票人
1087	1185	1132	1158
密码区
1184	1210	351	496
收款人
252	347	1133	1161
销售方
257	283	988	1103
销售方
1495	1597	1126	1161
地址电话
306	476	453	480
地址电话
313	479	1050	1073
服务名称
501	611	537	563
规格型号
704	822	534	560
开票日期
1453	1576	266	293
价税合计大写
334	544	914	940
开户行及账号
308	476	486	520
开户行及账号
310	475	1087	1111
纳税人识别号
307	473	409	434
纳税人识别号
314	477	1012	1037
货物或应税劳务
286	479	540	567
购买方
1919	1945	724	808
