备注
1168	1196	899	1010
单价
1176	1253	425	453
单位
875	930	414	442
复核
660	727	1042	1070
合计
288	487	732	765
金额
1372	1478	431	459
名称
281	454	224	251
名称
221	408	855	885
数量
1004	1080	419	446
税额
1716	1823	443	469
税率
1569	1628	438	465
小写
1445	1502	823	851
购买方
217	248	244	360
开票人
1050	1153	1053	1084
密码区
1180	1207	253	396
收款人
148	252	1028	1053
销售方
154	191	865	992
销售方
1474	1581	1064	1094
地址电话
274	452	310	338
地址电话
214	401	937	967
服务名称
466	584	406	433
规格型号
682	804	412	439
开票日期
1452	1573	189	217
价税合计大写
255	488	791	823
开户行及账号
270	448	353	383
开户行及账号
212	395	978	1009
纳税人识别号
281	452	268	296
纳税人识别号
220	403	896	927
货物或应税劳务
238	447	398	429
购买方
1910	1934	663	748
