备注
1064	1086	912	1005
单价
1053	1118	507	530
单位
794	841	508	532
复核
642	694	1052	1077
合计
288	464	802	827
金额
1222	1311	504	525
名称
250	409	350	373
名称
242	403	911	934
数量
906	970	509	529
税额
1517	1610	499	521
税率
1390	1441	501	524
小写
1296	1343	839	859
购买方
198	218	372	473
开票人
968	1053	1046	1070
密码区
1053	1075	356	481
收款人
203	291	1068	1089
销售方
190	211	936	1029
销售方
1288	1377	1041	1064
地址电话
240	403	983	1006
地址电话
248	408	429	452
服务名称
443	555	511	533
规格型号
622	730	510	532
开票日期
1283	1388	284	309
价税合计大写
265	468	855	880
开户行及账号
249	407	468	490
开户行及账号
242	401	1017	1042
纳税人识别号
250	407	389	412
纳税人识别号
243	402	946	970
货物或应税劳务
207	405	510	533
购买方
1693	1715	680	753
