备注
1283	1311	969	1081
单价
1275	1353	484	512
单位
968	1025	479	515
复核
774	840	1129	1156
合计
369	576	821	852
金额
1474	1579	486	513
名称
338	520	291	316
名称
307	499	951	977
数量
1100	1178	482	508
税额
1811	1912	493	517
税率
1670	1727	490	517
小写
1560	1613	878	908
购买方
275	304	312	434
开票人
1171	1275	1126	1158
密码区
1276	1303	306	455
收款人
245	354	1130	1153
销售方
243	275	963	1094
销售方
1595	1696	1120	1150
地址电话
334	520	381	406
地址电话
305	497	1035	1062
服务名称
542	665	476	503
规格型号
766	895	480	507
开票日期
1546	1664	239	266
价税合计大写
338	578	883	913
开户行及账号
333	518	426	453
开户行及账号
305	494	1077	1105
纳税人识别号
340	520	336	363
纳税人识别号
309	497	993	1022
货物或应税劳务
301	520	474	502
购买方
2002	2027	708	793
