备注
1141	1168	921	1030
单价
1136	1212	450	478
单位
834	890	450	479
复核
652	716	1081	1109
合计
260	456	787	814
金额
1331	1439	449	474
名称
205	388	909	936
名称
217	394	267	295
数量
964	1039	452	476
税额
1676	1784	448	473
税率
1530	1590	447	474
小写
1412	1467	840	865
购买方
157	184	289	412
开票人
1030	1127	1077	1102
密码区
1136	1163	276	423
收款人
161	262	1086	1112
销售方
1437	1539	1074	1102
销售方
147	179	924	1051
地址电话
214	394	358	383
地址电话
206	387	990	1017
服务名称
419	538	451	476
规格型号
636	762	451	477
开票日期
1409	1531	197	223
价税合计大写
232	459	847	876
开户行及账号
206	385	1030	1058
开户行及账号
215	393	402	431
纳税人识别号
218	393	313	339
纳税人识别号
208	387	950	977
货物或应税劳务
187	396	451	477
购买方
1871	1895	665	750
