备注
1182	1212	950	1058
单价
1179	1257	477	505
单位
879	935	478	506
复核
697	760	1107	1135
合计
299	505	807	841
金额
1376	1485	477	502
名称
255	436	287	312
名称
245	434	931	965
数量
1008	1081	480	505
税额
1711	1817	479	504
税率
1570	1629	478	505
小写
1455	1513	870	895
购买方
195	223	309	432
开票人
1072	1171	1104	1131
密码区
1179	1207	302	449
收款人
198	307	1108	1142
销售方
1477	1578	1100	1133
销售方
187	218	948	1076
地址电话
253	436	379	404
地址电话
243	429	1013	1046
服务名称
460	585	474	501
规格型号
680	807	478	504
开票日期
1454	1571	224	253
价税合计大写
266	505	870	903
开户行及账号
252	435	423	451
开户行及账号
246	430	1054	1089
纳税人识别号
253	434	330	359
纳税人识别号
247	430	972	1007
货物或应税劳务
226	437	471	501
购买方
1897	1922	694	778
