备注
1146	1173	965	1075
单价
1154	1229	494	522
单位
856	911	482	509
复核
648	711	1115	1141
合计
256	455	804	836
金额
1347	1451	501	529
名称
234	417	275	305
名称
195	380	928	958
数量
984	1059	488	515
税额
1683	1784	514	540
税率
1541	1598	508	535
小写
1418	1472	892	917
购买方
170	199	297	414
开票人
1033	1132	1119	1146
密码区
1158	1185	319	464
收款人
132	239	1107	1132
销售方
125	159	950	1060
销售方
1404	1501	1124	1156
地址电话
231	414	366	395
地址电话
190	377	1011	1040
服务名称
452	575	469	495
规格型号
653	781	474	504
开票日期
1428	1545	257	286
价税合计大写
226	457	865	897
开户行及账号
231	410	413	443
开户行及账号
188	374	1052	1083
纳税人识别号
235	414	320	352
纳税人识别号
196	378	970	1000
货物或应税劳务
176	407	460	492
购买方
1861	1883	729	812
