备注
1166	1194	884	996
单价
1154	1228	420	446
单位
861	914	421	448
复核
666	730	1050	1077
合计
279	477	749	776
金额
1347	1450	418	442
名称
265	439	251	273
名称
216	400	873	900
数量
986	1060	422	445
税额
1688	1796	415	438
税率
1542	1601	415	441
小写
1441	1497	802	827
购买方
201	232	272	380
开票人
1054	1156	1044	1073
密码区
1154	1179	255	391
收款人
159	261	1056	1082
销售方
151	184	899	1009
销售方
1438	1544	1044	1072
地址电话
259	435	334	357
地址电话
211	396	957	983
服务名称
468	594	423	449
规格型号
668	789	422	447
开票日期
1413	1532	180	204
价税合计大写
248	478	810	838
开户行及账号
258	432	376	401
开户行及账号
209	392	999	1027
纳税人识别号
265	437	292	316
纳税人识别号
217	397	915	942
货物或应税劳务
206	429	422	448
购买方
1895	1925	623	706
