备注
1116	1145	905	1017
单价
1117	1193	433	461
单位
821	875	435	462
复核
632	693	1056	1084
合计
257	448	756	789
金额
1315	1427	431	458
名称
227	395	252	277
名称
205	378	880	906
数量
948	1020	437	461
税额
1660	1773	432	460
税率
1514	1571	433	460
小写
1394	1454	826	855
购买方
171	195	275	393
开票人
1004	1103	1058	1088
密码区
1118	1145	259	406
收款人
158	255	1050	1076
销售方
149	177	892	1014
销售方
1417	1522	1063	1097
地址电话
223	393	341	364
地址电话
205	375	958	986
服务名称
415	535	432	459
规格型号
628	749	435	461
开票日期
1395	1515	178	207
价税合计大写
230	450	819	847
开户行及账号
223	391	385	411
开户行及账号
203	373	997	1027
纳税人识别号
228	393	296	322
纳税人识别号
207	374	919	948
货物或应税劳务
198	392	431	457
购买方
1860	1886	654	739
