备注
1207	1235	995	1108
单价
1205	1284	502	531
单位
889	946	501	531
复核
700	763	1160	1188
合计
286	491	853	881
金额
1411	1522	502	528
名称
236	423	306	331
名称
232	420	981	1006
数量
1023	1102	503	529
税额
1769	1878	504	529
税率
1618	1678	502	530
小写
1491	1547	911	936
购买方
172	199	327	456
开票人
1091	1193	1156	1183
密码区
1206	1233	318	472
收款人
184	290	1164	1189
销售方
170	199	997	1126
销售方
1515	1616	1148	1182
地址电话
233	423	402	426
地址电话
231	420	1065	1090
服务名称
449	576	500	527
规格型号
680	811	501	528
开票日期
1494	1620	237	266
价税合计大写
258	494	916	944
开户行及账号
234	422	449	476
开户行及账号
233	419	1106	1133
纳税人识别号
237	422	354	380
纳税人识别号
235	419	1022	1049
货物或应税劳务
204	424	500	527
购买方
1962	1986	729	816
