备注
1072	1094	957	1048
单价
1071	1134	566	588
单位
824	868	566	588
复核
659	711	1087	1109
合计
339	503	836	859
金额
1233	1322	568	588
名称
323	465	412	431
名称
290	440	939	959
数量
930	990	567	587
税额
1517	1608	570	589
税率
1396	1444	569	590
小写
1299	1346	891	912
购买方
270	292	429	527
开票人
975	1058	1087	1110
密码区
1072	1094	423	543
收款人
244	327	1087	1108
销售方
237	263	950	1055
销售方
1319	1407	1087	1114
地址电话
316	463	485	504
地址电话
285	437	1006	1027
服务名称
481	580	564	584
规格型号
660	763	565	586
开票日期
1297	1395	363	386
价税合计大写
314	504	886	909
开户行及账号
316	461	521	542
开户行及账号
285	433	1040	1063
纳税人识别号
321	463	448	469
纳税人识别号
289	437	973	995
货物或应税劳务
292	461	560	581
购买方
1684	1705	749	820
