备注
1180	1211	946	1061
单价
1177	1261	435	465
单位
851	910	435	465
复核
651	719	1108	1137
合计
251	457	791	822
金额
1391	1506	435	462
名称
215	395	248	274
名称
191	382	922	949
数量
991	1073	435	462
税额
1763	1878	436	462
税率
1605	1669	435	464
小写
1474	1535	853	884
购买方
152	179	273	398
开票人
1060	1168	1110	1146
密码区
1179	1209	244	404
收款人
121	230	1104	1132
销售方
128	159	935	1067
销售方
1507	1621	1110	1141
地址电话
211	397	342	368
地址电话
189	380	1007	1034
服务名称
418	540	437	466
规格型号
644	775	437	465
开票日期
1475	1606	162	191
价税合计大写
221	460	854	884
开户行及账号
210	396	388	416
开户行及账号
189	377	1049	1078
纳税人识别号
193	380	965	993
纳税人识别号
214	394	295	323
货物或应税劳务
178	396	438	465
购买方
1975	2001	668	760
