备注
1173	1198	912	1018
单价
1166	1238	461	487
单位
879	931	462	488
复核
693	756	1063	1088
合计
323	515	781	807
金额
1352	1456	460	483
名称
290	459	287	310
名称
268	443	900	925
数量
1001	1072	462	486
税额
1684	1789	459	482
税率
1544	1599	458	484
小写
1433	1486	834	858
购买方
235	259	308	423
开票人
1068	1163	1061	1087
密码区
1166	1191	296	435
收款人
203	303	1070	1095
销售方
206	237	916	1037
销售方
1471	1569	1057	1088
地址电话
286	459	373	396
地址电话
264	442	980	1004
服务名称
482	597	461	487
规格型号
691	809	462	487
开票日期
1425	1543	222	246
价税合计大写
295	516	840	867
开户行及账号
288	457	416	441
开户行及账号
262	438	1019	1044
纳税人识别号
291	459	330	355
纳税人识别号
267	442	940	965
货物或应税劳务
261	459	461	486
购买方
1872	1896	666	747
