备注
1155	1183	914	1018
单价
1156	1230	456	483
单位
863	916	454	481
复核
681	742	1064	1090
合计
301	494	776	803
金额
1347	1453	456	481
名称
263	437	272	296
名称
249	426	895	919
数量
987	1061	456	480
税额
1686	1792	458	482
税率
1542	1600	456	483
小写
1422	1477	838	863
购买方
206	231	291	410
开票人
1046	1142	1063	1090
密码区
1157	1183	285	429
收款人
205	302	1064	1089
销售方
194	220	909	1030
销售方
1445	1544	1066	1096
地址电话
261	436	359	383
地址电话
249	424	973	1000
服务名称
457	576	451	476
规格型号
671	792	454	479
开票日期
1425	1545	211	236
价税合计大写
275	497	834	862
开户行及账号
263	435	403	429
开户行及账号
248	421	1012	1039
纳税人识别号
266	436	316	341
纳税人识别号
252	424	934	960
货物或应税劳务
235	437	450	475
购买方
1873	1896	671	754
