备注
1153	1183	963	1072
单价
1150	1231	470	500
单位
833	890	471	501
复核
647	712	1120	1148
合计
255	455	819	847
金额
1358	1470	470	496
名称
204	382	286	312
名称
200	384	943	969
数量
968	1049	472	498
税额
1719	1832	469	494
税率
1566	1628	468	497
小写
1435	1494	874	902
购买方
147	172	311	436
开票人
1038	1141	1119	1153
密码区
1152	1180	283	439
收款人
139	243	1117	1144
销售方
141	170	957	1082
销售方
1465	1573	1117	1148
地址电话
203	386	380	405
地址电话
201	385	1025	1050
服务名称
409	528	474	502
规格型号
630	758	474	500
开票日期
1441	1569	200	229
价税合计大写
227	459	878	907
开户行及账号
203	385	425	458
开户行及账号
202	382	1065	1093
纳税人识别号
208	382	333	359
纳税人识别号
203	384	984	1011
货物或应税劳务
174	387	475	501
购买方
1919	1944	694	782
