备注
1252	1282	1028	1150
单价
1242	1328	507	538
单位
914	973	508	539
复核
709	777	1206	1235
合计
291	501	876	906
金额
1463	1579	505	534
名称
263	442	314	345
名称
224	420	1010	1040
数量
1054	1138	508	536
税额
1841	1957	504	531
税率
1676	1743	504	535
小写
1550	1606	934	961
购买方
199	229	345	471
开票人
1128	1239	1201	1232
密码区
1244	1274	314	476
收款人
175	284	1201	1229
销售方
168	198	1023	1160
销售方
1579	1690	1194	1227
地址电话
257	441	411	439
地址电话
228	420	1098	1126
服务名称
462	590	508	537
规格型号
699	836	510	538
开票日期
1546	1674	228	257
价税合计大写
258	504	939	970
开户行及账号
256	437	458	487
开户行及账号
229	419	1142	1173
纳税人识别号
262	440	363	392
纳税人识别号
232	418	1054	1084
货物或应税劳务
225	439	511	540
购买方
2053	2079	740	834
