备注
1151	1179	901	1009
单价
1147	1224	427	455
单位
843	899	426	455
复核
662	725	1061	1088
合计
259	460	768	795
金额
1345	1452	426	452
名称
207	391	236	269
名称
206	391	892	918
数量
974	1050	427	453
税额
1694	1802	425	451
税率
1546	1606	425	452
小写
1425	1480	820	845
购买方
147	174	261	380
开票人
1040	1139	1055	1082
密码区
1149	1175	246	396
收款人
162	266	1069	1097
销售方
145	176	917	1025
销售方
1411	1518	1053	1080
地址电话
208	392	328	354
地址电话
208	394	973	999
服务名称
437	563	426	452
规格型号
641	769	426	453
开票日期
1425	1549	167	194
价税合计大写
232	463	829	857
开户行及账号
208	391	375	402
开户行及账号
209	391	1013	1042
纳税人识别号
211	391	283	309
纳税人识别号
211	391	932	959
货物或应税劳务
157	391	425	452
购买方
1884	1909	641	727
