备注
1183	1211	933	1046
单价
1181	1261	441	470
单位
867	924	437	467
复核
670	736	1100	1129
合计
244	457	793	822
金额
1387	1497	442	470
名称
195	387	230	256
名称
186	384	924	951
数量
1002	1081	440	467
税额
1738	1844	447	473
税率
1591	1650	445	472
小写
1463	1517	846	871
开票人
1067	1171	1093	1119
密码区
1185	1212	255	411
收款人
137	250	1108	1135
销售方
123	154	939	1071
销售方
1487	1593	1085	1112
地址电话
193	387	327	354
地址电话
188	385	1010	1036
服务名称
418	544	431	459
规格型号
652	788	434	464
开票日期
1469	1594	180	209
价税合计大写
214	462	856	885
开户行及账号
195	385	375	405
开户行及账号
190	384	1051	1079
纳税人识别号
197	386	278	307
纳税人识别号
191	383	966	995
货物或应税劳务
165	389	429	458
购买方
133	159	255	385
购买方
1922	1948	668	754
