备注
1197	1225	918	1027
单价
1198	1274	451	478
单位
901	955	444	471
复核
702	767	1067	1092
合计
317	516	765	795
金额
1393	1499	454	480
名称
299	473	255	279
名称
256	441	889	915
数量
1028	1103	448	476
税额
1737	1844	460	484
税率
1590	1649	457	483
小写
1471	1524	839	864
开票人
1085	1184	1070	1095
密码区
1201	1227	280	423
收款人
201	303	1061	1086
销售方
196	226	900	1027
销售方
1499	1602	1079	1104
地址电话
294	470	341	366
地址电话
252	438	970	996
服务名称
490	608	434	463
规格型号
705	829	440	467
开票日期
1469	1590	212	238
价税合计大写
286	518	824	853
开户行及账号
292	467	384	412
开户行及账号
252	435	1010	1039
纳税人识别号
299	470	297	324
纳税人识别号
257	438	929	957
货物或应税劳务
264	468	433	460
购买方
239	263	284	394
购买方
1932	1956	674	759
