备注
1194	1222	961	1070
单价
1191	1269	480	509
单位
884	940	482	511
复核
706	767	1121	1147
合计
304	502	826	854
金额
1392	1503	479	504
名称
244	428	291	317
名称
255	434	951	976
数量
1016	1090	483	508
税额
1734	1843	478	503
税率
1590	1647	478	506
小写
1469	1525	877	902
购买方
187	213	314	440
开票人
1082	1181	1116	1142
密码区
1192	1219	298	451
收款人
214	313	1125	1150
销售方
197	225	965	1088
销售方
1489	1588	1103	1136
地址电话
245	430	386	411
地址电话
256	435	1031	1056
服务名称
456	581	482	509
规格型号
681	808	483	510
开票日期
1475	1593	216	246
价税合计大写
278	507	888	916
开户行及账号
248	430	432	460
开户行及账号
257	434	1071	1098
纳税人识别号
249	427	339	365
纳税人识别号
257	433	991	1018
货物或应税劳务
222	433	482	510
购买方
1920	1943	697	781
