备注
1216	1241	970	1073
单价
1211	1282	527	553
单位
931	982	524	550
复核
755	815	1122	1144
合计
374	565	842	869
金额
1395	1493	528	551
名称
339	512	344	367
名称
321	499	961	984
数量
1052	1122	526	550
税额
1713	1808	532	554
税率
1579	1633	529	554
小写
1471	1522	896	918
购买方
284	308	366	477
开票人
1113	1206	1115	1140
密码区
1213	1237	362	499
收款人
275	374	1130	1151
销售方
263	289	984	1087
销售方
1459	1549	1110	1141
地址电话
339	512	430	454
地址电话
321	498	1038	1062
服务名称
545	668	518	549
规格型号
741	861	522	547
开票日期
1463	1575	296	320
价税合计大写
347	569	900	927
开户行及账号
339	510	472	498
开户行及账号
322	496	1077	1102
纳税人识别号
342	511	387	412
纳税人识别号
323	497	999	1025
货物或应税劳务
290	508	521	545
购买方
1884	1906	731	808
