备注
1269	1298	953	1068
单价
1280	1359	452	482
单位
964	1022	439	469
复核
745	813	1109	1136
合计
329	542	780	816
金额
1486	1597	460	490
名称
301	496	214	247
名称
267	462	912	944
数量
1100	1178	446	474
税额
1838	1943	476	503
税率
1692	1751	469	496
小写
1558	1615	877	903
购买方
234	263	237	363
开票人
1152	1257	1114	1141
密码区
1285	1314	265	420
收款人
204	316	1101	1128
销售方
196	229	936	1052
销售方
1542	1643	1116	1147
地址电话
298	494	313	345
地址电话
263	461	999	1031
服务名称
532	668	425	453
规格型号
751	885	431	463
开票日期
1573	1697	200	231
价税合计大写
299	544	846	880
开户行及账号
298	491	362	396
开户行及账号
262	458	1043	1076
纳税人识别号
302	494	263	298
纳税人识别号
268	460	956	989
货物或应税劳务
240	488	413	448
购买方
2018	2041	704	790
