备注
1136	1165	1004	1119
单价
1133	1215	497	527
单位
811	870	496	527
复核
623	686	1163	1189
合计
216	416	851	880
金额
1346	1464	496	523
名称
155	347	300	326
名称
161	347	979	1005
数量
950	1030	499	525
税额
1722	1841	496	523
税率
1565	1629	495	525
小写
1432	1492	922	947
购买方
97	125	326	450
开票人
1017	1121	1166	1194
密码区
1136	1164	304	464
收款人
116	223	1160	1185
销售方
101	127	1003	1113
销售方
1413	1526	1164	1198
地址电话
158	348	397	422
地址电话
163	348	1062	1088
服务名称
387	518	497	523
规格型号
600	732	497	525
开票日期
1434	1565	219	248
价税合计大写
188	421	914	943
开户行及账号
160	347	445	472
开户行及账号
164	347	1103	1132
纳税人识别号
160	345	349	376
纳税人识别号
166	347	1021	1048
货物或应税劳务
110	344	497	525
购买方
1934	1963	730	823
