备注
1142	1171	953	1064
单价
1132	1212	466	496
单位
820	876	470	499
复核
643	707	1116	1144
合计
239	437	822	850
金额
1337	1447	463	489
名称
190	367	288	317
名称
187	371	947	975
数量
953	1032	470	499
税额
1695	1808	458	484
税率
1543	1605	459	487
小写
1422	1477	863	889
开票人
1029	1130	1109	1136
密码区
1132	1160	284	437
收款人
141	243	1124	1149
销售方
130	158	964	1089
销售方
1451	1561	1104	1132
地址电话
190	368	382	409
地址电话
189	373	1030	1056
服务名称
394	514	476	505
规格型号
616	744	473	499
开票日期
1413	1540	200	227
价税合计大写
213	443	882	911
开户行及账号
191	367	427	456
开户行及账号
191	372	1069	1097
纳税人识别号
192	366	335	363
纳税人识别号
191	370	988	1016
货物或应税劳务
165	371	478	507
购买方
133	163	322	441
购买方
1899	1924	679	766
