备注
1132	1158	930	1035
单价
1130	1204	477	504
单位
838	891	476	503
复核
659	719	1082	1108
合计
281	469	799	825
金额
1320	1423	478	503
名称
243	409	294	318
名称
234	408	914	937
数量
963	1036	477	501
税额
1653	1756	481	503
税率
1512	1569	479	504
小写
1393	1446	856	879
购买方
191	214	323	432
开票人
1024	1120	1081	1108
密码区
1132	1158	305	447
收款人
196	286	1082	1105
销售方
176	203	937	1038
销售方
1391	1482	1081	1108
地址电话
240	409	382	405
地址电话
231	405	992	1016
服务名称
444	568	473	498
规格型号
644	766	475	500
开票日期
1396	1514	232	258
价税合计大写
256	475	856	882
开户行及账号
240	408	426	451
开户行及账号
232	401	1030	1057
纳税人识别号
243	408	338	362
纳税人识别号
234	405	953	978
货物或应税劳务
195	406	473	499
购买方
1835	1857	688	769
