备注
1190	1219	936	1048
单价
1191	1268	468	496
单位
894	946	468	496
复核
682	746	1083	1111
合计
341	525	787	817
金额
1391	1499	466	492
名称
332	486	298	325
名称
268	442	902	928
数量
1019	1095	468	493
税额
1749	1864	461	487
税率
1591	1653	464	492
小写
1471	1524	859	885
购买方
274	302	325	434
开票人
1073	1176	1094	1122
密码区
1193	1220	293	439
收款人
192	290	1071	1100
销售方
195	241	914	1037
销售方
1502	1610	1106	1139
地址电话
326	484	381	406
地址电话
255	431	980	1008
服务名称
499	611	466	490
规格型号
706	825	470	495
开票日期
1469	1589	216	242
价税合计大写
305	523	842	868
开户行及账号
323	478	423	448
开户行及账号
251	424	1021	1050
纳税人识别号
331	487	341	366
纳税人识别号
264	435	941	971
货物或应税劳务
294	478	468	493
购买方
1961	1991	684	774
