备注
1201	1228	926	1039
单价
1195	1275	426	456
单位
872	931	428	458
复核
682	749	1099	1127
合计
257	469	792	821
金额
1404	1519	424	450
名称
198	388	229	258
名称
203	396	923	950
数量
1010	1090	429	455
税额
1767	1877	423	448
税率
1615	1676	422	450
小写
1486	1543	838	863
购买方
138	165	255	388
开票人
1087	1191	1089	1118
密码区
1196	1224	236	396
收款人
148	258	1111	1140
销售方
141	171	941	1073
销售方
1519	1621	1073	1110
地址电话
199	391	329	356
地址电话
205	399	1009	1036
服务名称
418	549	429	460
规格型号
658	792	429	457
开票日期
1490	1619	152	180
价税合计大写
230	473	857	886
开户行及账号
201	390	378	408
开户行及账号
206	398	1049	1079
纳税人识别号
202	388	279	308
纳税人识别号
207	397	966	994
货物或应税劳务
172	393	430	460
购买方
1953	1977	649	736
