备注
1140	1166	917	1022
单价
1134	1205	471	496
单位
850	901	470	496
复核
667	727	1070	1097
合计
292	483	784	810
金额
1318	1419	471	494
名称
268	437	298	320
名称
234	413	902	927
数量
971	1042	472	494
税额
1642	1745	471	494
税率
1505	1560	470	495
小写
1400	1452	840	863
购买方
209	236	316	428
开票人
1032	1127	1067	1093
密码区
1134	1158	310	445
收款人
184	283	1075	1100
销售方
175	205	918	1040
销售方
1428	1526	1067	1093
地址电话
263	436	381	404
地址电话
231	409	981	1006
服务名称
458	570	468	491
规格型号
662	780	469	494
开票日期
1387	1500	241	265
价税合计大写
263	484	842	869
开户行及账号
263	434	422	447
开户行及账号
230	405	1020	1047
纳税人识别号
268	436	339	364
纳税人识别号
235	410	941	968
货物或应税劳务
235	434	467	492
购买方
1836	1860	674	754
