备注
1147	1174	968	1076
单价
1144	1220	503	531
单位
845	899	503	531
复核
666	726	1124	1150
合计
280	471	836	863
金额
1340	1446	503	528
名称
241	406	320	346
名称
234	409	952	977
数量
972	1048	504	529
税额
1684	1791	504	528
税率
1538	1597	503	529
小写
1416	1471	892	915
购买方
187	210	352	463
开票人
1038	1136	1123	1150
密码区
1145	1172	326	473
收款人
198	288	1123	1146
销售方
176	203	976	1080
销售方
1411	1508	1123	1150
地址电话
237	406	411	435
地址电话
231	407	1032	1056
服务名称
440	569	502	530
规格型号
647	771	503	529
开票日期
1418	1540	249	275
价税合计大写
256	476	894	921
开户行及账号
237	406	456	482
开户行及账号
232	404	1071	1098
纳税人识别号
239	405	365	391
纳税人识别号
234	407	992	1018
货物或应税劳务
192	405	503	530
购买方
1873	1896	718	801
