备注
1173	1201	956	1066
单价
1176	1254	474	503
单位
872	927	471	499
复核
679	740	1103	1130
合计
302	490	798	829
金额
1378	1489	475	502
名称
269	442	285	309
名称
248	422	919	947
数量
1001	1077	474	500
税额
1731	1839	482	507
税率
1582	1642	478	506
小写
1455	1514	879	906
购买方
211	236	304	425
开票人
1057	1157	1113	1140
密码区
1178	1206	297	447
收款人
201	296	1092	1117
销售方
191	219	932	1055
销售方
1474	1577	1116	1146
地址电话
267	440	374	398
地址电话
246	420	998	1026
服务名称
460	577	467	492
规格型号
674	798	469	496
开票日期
1460	1584	222	249
价税合计大写
275	492	858	888
开户行及账号
267	437	418	444
开户行及账号
246	417	1038	1068
纳税人识别号
272	440	329	355
纳税人识别号
251	420	959	988
货物或应税劳务
239	438	466	491
购买方
1924	1948	706	793
