备注
1140	1166	926	1032
单价
1136	1211	462	491
单位
840	894	463	491
复核
666	725	1081	1106
合计
272	468	795	821
金额
1330	1436	462	487
名称
212	396	275	301
名称
221	401	914	940
数量
966	1041	464	489
税额
1673	1782	461	485
税率
1527	1586	460	488
小写
1408	1462	849	872
购买方
156	183	299	417
开票人
1031	1128	1075	1102
密码区
1137	1164	286	433
收款人
180	285	1086	1114
销售方
164	192	940	1044
销售方
1393	1493	1076	1102
地址电话
215	398	367	392
地址电话
224	401	991	1021
服务名称
438	566	462	487
规格型号
643	767	464	490
开票日期
1409	1531	208	234
价税合计大写
246	472	854	882
开户行及账号
216	398	412	439
开户行及账号
225	401	1033	1061
纳税人识别号
217	396	321	348
纳税人识别号
225	400	955	981
货物或应税劳务
168	397	461	489
购买方
1861	1887	673	757
