备注
1196	1222	963	1069
单价
1197	1272	495	523
单位
898	952	493	521
复核
716	776	1116	1141
合计
325	520	825	852
金额
1393	1499	496	522
名称
274	453	300	325
名称
275	453	947	970
数量
1027	1101	495	520
税额
1736	1839	500	524
税率
1591	1649	497	524
小写
1466	1520	886	910
购买方
213	238	324	442
开票人
1086	1181	1114	1140
密码区
1200	1226	316	464
收款人
233	332	1116	1140
销售方
218	244	969	1072
销售方
1448	1547	1111	1142
地址电话
273	455	392	417
地址电话
277	455	1024	1048
服务名称
493	621	490	515
规格型号
699	824	492	518
开票日期
1477	1599	240	268
价税合计大写
300	524	885	912
开户行及账号
274	453	438	465
开户行及账号
278	452	1063	1089
纳税人识别号
276	452	347	373
纳税人识别号
279	453	985	1011
货物或应税劳务
222	451	488	514
购买方
1913	1936	713	796
