备注
1181	1208	923	1031
单价
1171	1245	459	486
单位
873	927	462	490
复核
709	769	1080	1108
合计
318	507	799	825
金额
1366	1471	456	481
名称
254	433	284	309
名称
270	445	918	944
数量
1002	1074	462	486
税额
1708	1815	452	476
税率
1563	1620	452	479
小写
1450	1503	843	867
购买方
199	223	311	426
开票人
1076	1166	1074	1100
密码区
1172	1197	282	429
收款人
231	330	1085	1113
销售方
213	240	945	1046
销售方
1436	1535	1064	1096
地址电话
256	434	375	399
地址电话
271	447	997	1022
服务名称
475	600	467	492
规格型号
677	799	465	490
开票日期
1440	1562	201	227
价税合计大写
293	512	859	885
开户行及账号
257	433	420	446
开户行及账号
274	446	1036	1061
纳税人识别号
257	433	329	355
纳税人识别号
273	445	957	983
货物或应税劳务
210	433	468	495
购买方
1896	1919	662	745
