备注
1204	1231	949	1057
单价
1197	1274	474	502
单位
893	947	477	505
复核
720	781	1107	1134
合计
325	519	817	845
金额
1394	1504	471	496
名称
267	448	296	322
名称
275	453	940	966
数量
1022	1098	476	501
税额
1744	1851	468	493
税率
1595	1655	469	496
小写
1476	1535	865	891
购买方
209	236	319	443
开票人
1094	1191	1103	1131
密码区
1197	1224	296	446
收款人
235	331	1115	1139
销售方
218	245	957	1079
销售方
1500	1602	1094	1127
地址电话
268	449	388	413
地址电话
276	453	1021	1045
服务名称
473	595	481	507
规格型号
694	819	479	504
开票日期
1473	1597	214	240
价税合计大写
299	523	878	906
开户行及账号
270	449	434	461
开户行及账号
277	452	1060	1087
纳税人识别号
271	448	342	368
纳税人识别号
279	452	980	1006
货物或应税劳务
243	452	482	509
购买方
1934	1958	685	770
