备注
1158	1185	911	1019
单价
1157	1231	452	479
单位
867	919	449	476
复核
675	737	1062	1089
合计
299	492	766	795
金额
1347	1450	454	479
名称
274	447	268	293
名称
240	420	888	913
数量
990	1063	452	476
税额
1684	1789	458	482
税率
1540	1597	456	482
小写
1426	1479	836	860
购买方
212	241	285	401
开票人
1047	1144	1064	1091
密码区
1159	1184	286	425
收款人
185	285	1061	1087
销售方
178	208	901	1025
销售方
1453	1553	1067	1099
地址电话
268	445	353	378
地址电话
235	415	967	992
服务名称
465	582	445	469
规格型号
676	796	448	474
开票日期
1421	1539	215	241
价税合计大写
269	494	826	854
开户行及账号
268	442	396	423
开户行及账号
234	411	1007	1035
纳税人识别号
275	445	310	337
纳税人识别号
240	416	927	954
货物或应税劳务
239	443	441	468
购买方
1878	1902	670	753
