备注
1127	1155	916	1026
单价
1120	1197	443	471
单位
821	875	445	472
复核
644	704	1075	1102
合计
250	448	783	811
金额
1318	1427	440	465
名称
209	382	264	290
名称
202	381	906	931
数量
948	1024	445	470
税额
1670	1779	436	461
税率
1521	1580	436	464
小写
1403	1460	835	860
购买方
152	177	292	406
开票人
1018	1116	1071	1097
密码区
1120	1147	264	413
收款人
161	259	1079	1105
销售方
145	172	930	1036
销售方
1390	1494	1071	1098
地址电话
207	383	354	380
地址电话
203	382	986	1011
服务名称
426	549	448	474
规格型号
624	747	446	472
开票日期
1396	1522	179	207
价税合计大写
225	454	844	872
开户行及账号
206	382	400	426
开户行及账号
205	380	1026	1053
纳税人识别号
211	382	309	335
纳税人识别号
205	381	946	973
货物或应税劳务
158	380	442	476
购买方
1872	1899	652	739
