备注
1186	1213	895	999
单价
1166	1237	451	477
单位
885	935	459	484
复核
715	776	1055	1080
合计
342	532	781	811
金额
1349	1450	444	468
名称
304	471	300	325
名称
287	462	901	930
数量
1005	1074	456	479
税额
1673	1776	434	458
税率
1536	1591	438	463
小写
1442	1493	810	833
购买方
251	274	325	437
开票人
1084	1181	1043	1069
密码区
1164	1188	291	426
收款人
225	325	1075	1099
销售方
227	257	922	1043
销售方
1486	1583	1029	1059
地址电话
302	471	384	409
地址电话
285	462	981	1009
服务名称
494	607	466	493
规格型号
700	815	462	487
开票日期
1412	1527	211	235
价税合计大写
314	534	840	871
开户行及账号
304	470	425	451
开户行及账号
283	459	1019	1048
纳税人识别号
307	470	342	368
纳税人识别号
287	461	941	969
货物或应税劳务
278	473	469	497
购买方
1867	1893	634	714
