备注
1302	1331	971	1084
单价
1297	1378	480	510
单位
985	1042	478	507
复核
792	858	1136	1164
合计
377	587	828	858
金额
1502	1609	482	509
名称
329	522	275	305
名称
319	512	959	985
数量
1119	1198	481	506
税额
1840	1942	488	513
税率
1699	1757	484	512
小写
1580	1633	884	909
购买方
266	294	296	427
开票人
1192	1297	1130	1158
密码区
1300	1328	296	450
收款人
257	369	1140	1161
销售方
255	287	972	1102
销售方
1615	1716	1123	1152
地址电话
329	523	371	399
地址电话
319	512	1043	1069
服务名称
550	675	474	502
规格型号
780	910	478	505
开票日期
1580	1703	222	251
价税合计大写
347	591	890	921
开户行及账号
330	522	419	449
开户行及账号
317	508	1085	1112
纳税人识别号
333	522	323	354
纳税人识别号
321	511	1001	1029
货物或应税劳务
301	525	472	500
购买方
2028	2052	706	791
