备注
1228	1255	1028	1140
单价
1223	1304	529	559
单位
904	963	529	559
复核
714	780	1196	1222
合计
291	501	887	919
金额
1433	1545	528	555
名称
245	438	335	362
名称
233	428	1021	1048
数量
1042	1122	530	556
税额
1797	1909	529	554
税率
1643	1706	528	556
小写
1514	1572	943	968
购买方
184	211	360	484
开票人
1113	1214	1187	1216
密码区
1224	1252	342	498
收款人
182	290	1205	1235
销售方
169	198	1048	1161
销售方
1499	1601	1182	1216
地址电话
247	440	432	458
地址电话
234	430	1106	1133
服务名称
477	611	530	558
规格型号
692	825	529	557
开票日期
1513	1642	261	287
价税合计大写
262	505	955	985
开户行及账号
248	438	479	508
开户行及账号
236	429	1148	1177
纳税人识别号
249	439	383	411
纳税人识别号
236	427	1064	1092
货物或应税劳务
193	436	532	560
购买方
1989	2014	754	843
