备注
1168	1196	943	1051
单价
1167	1243	473	501
单位
867	922	472	500
复核
683	745	1099	1125
合计
292	489	803	832
金额
1361	1469	474	499
名称
250	429	286	310
名称
238	420	926	951
数量
994	1070	474	499
税额
1706	1814	476	500
税率
1561	1619	474	501
小写
1439	1494	864	889
购买方
191	218	306	427
开票人
1057	1154	1095	1122
密码区
1168	1195	299	446
收款人
193	295	1100	1125
销售方
179	208	941	1065
销售方
1462	1564	1097	1124
地址电话
248	429	376	401
地址电话
238	419	1006	1031
服务名称
456	573	470	495
规格型号
670	795	472	499
开票日期
1441	1564	222	249
价税合计大写
264	492	863	891
开户行及账号
250	428	420	447
开户行及账号
238	416	1045	1073
纳税人识别号
252	428	331	357
纳税人识别号
241	419	966	992
货物或应税劳务
220	430	469	495
购买方
1896	1920	692	777
