备注
1179	1208	946	1060
单价
1175	1255	455	484
单位
868	924	455	484
复核
658	726	1104	1133
合计
274	475	794	824
金额
1379	1489	457	483
名称
247	431	268	296
名称
213	398	922	950
数量
999	1077	457	482
税额
1735	1845	460	485
税率
1584	1645	457	486
小写
1466	1521	861	887
购买方
185	211	288	411
开票人
1061	1168	1107	1136
密码区
1177	1205	277	426
收款人
138	242	1094	1122
销售方
146	184	934	1062
销售方
1505	1615	1111	1145
地址电话
245	429	359	384
地址电话
210	395	1005	1033
服务名称
454	570	454	481
规格型号
670	796	456	483
开票日期
1458	1584	200	227
价税合计大写
243	478	855	885
开户行及账号
245	428	403	432
开户行及账号
203	388	1046	1074
纳税人识别号
250	430	314	345
纳税人识别号
214	395	964	993
货物或应税劳务
217	428	453	480
购买方
1945	1972	682	772
