备注
1148	1175	917	1024
单价
1156	1230	455	482
单位
866	919	446	473
复核
665	725	1056	1083
合计
294	486	754	785
金额
1348	1452	461	487
名称
273	448	248	278
名称
232	411	871	902
数量
990	1063	451	477
税额
1688	1798	470	495
税率
1542	1601	466	493
小写
1421	1476	847	872
购买方
213	239	269	381
开票人
1035	1132	1068	1095
密码区
1161	1187	285	426
收款人
179	279	1046	1070
销售方
169	199	895	1000
销售方
1404	1507	1082	1111
地址电话
268	445	335	364
地址电话
227	406	953	982
服务名称
478	601	435	461
规格型号
675	795	442	469
开票日期
1429	1550	220	244
价税合计大写
262	487	813	843
开户行及账号
268	441	379	409
开户行及账号
227	402	993	1024
纳税人识别号
274	446	292	322
纳税人识别号
233	407	914	943
货物或应税劳务
218	438	425	456
购买方
1882	1907	686	770
