备注
1141	1165	930	1028
单价
1129	1195	516	540
单位
867	914	521	546
复核
710	764	1075	1099
合计
367	538	817	842
金额
1301	1395	513	534
名称
337	489	373	395
名称
318	477	926	950
数量
978	1043	519	541
税额
1608	1706	504	528
税率
1477	1529	508	531
小写
1381	1430	855	877
购买方
283	307	393	496
开票人
1043	1131	1069	1094
密码区
1128	1151	366	492
收款人
275	364	1084	1107
销售方
266	291	942	1052
销售方
1409	1501	1065	1090
地址电话
333	488	450	471
地址电话
316	476	998	1021
服务名称
507	611	526	551
规格型号
696	803	525	546
开票日期
1363	1470	295	317
价税合计大写
342	540	870	896
开户行及账号
334	487	488	511
开户行及账号
317	474	1033	1058
纳税人识别号
337	488	411	434
纳税人识别号
320	476	961	986
货物或应税劳务
309	489	529	551
购买方
1795	1819	694	769
