备注
1174	1207	1006	1128
单价
1166	1250	494	523
单位
845	904	496	526
复核
641	705	1174	1202
合计
247	446	856	885
金额
1382	1499	490	517
名称
206	387	306	333
名称
189	375	986	1012
数量
982	1064	497	524
税额
1755	1871	490	516
税率
1598	1662	489	518
小写
1478	1535	916	943
购买方
146	171	336	456
开票人
1054	1162	1176	1205
密码区
1169	1198	304	462
收款人
140	245	1170	1196
销售方
130	158	1010	1122
销售方
1464	1579	1173	1206
地址电话
205	386	401	428
地址电话
188	375	1070	1097
服务名称
422	551	497	525
规格型号
633	768	498	526
开票日期
1459	1592	218	245
价税合计大写
218	450	917	946
开户行及账号
206	384	448	475
开户行及账号
188	374	1112	1141
纳税人识别号
209	384	353	381
纳税人识别号
191	375	1028	1056
货物或应税劳务
153	383	500	528
购买方
1971	2001	724	818
