备注
1153	1181	925	1030
单价
1150	1225	466	494
单位
857	911	466	493
复核
684	742	1078	1104
合计
288	494	789	821
金额
1342	1447	466	490
名称
241	422	280	305
名称
245	423	910	937
数量
982	1057	467	492
税额
1681	1790	464	489
税率
1538	1602	464	491
小写
1420	1474	848	872
购买方
186	213	304	420
开票人
1046	1142	1074	1100
密码区
1153	1178	291	437
收款人
206	303	1082	1107
销售方
189	215	936	1040
销售方
1406	1505	1075	1100
地址电话
243	424	370	395
地址电话
247	422	989	1019
服务名称
461	588	465	491
规格型号
664	786	466	492
开票日期
1421	1542	214	240
价税合计大写
271	494	852	880
开户行及账号
245	422	415	441
开户行及账号
246	421	1027	1058
纳税人识别号
245	421	323	352
纳税人识别号
249	428	951	978
货物或应税劳务
198	422	464	490
购买方
1869	1893	675	758
