备注
1128	1158	899	1007
单价
1126	1204	421	450
单位
823	878	418	446
复核
598	668	1052	1080
合计
226	427	751	780
金额
1326	1434	423	450
名称
209	386	231	255
名称
164	353	875	900
数量
953	1030	421	446
税额
1678	1790	428	452
税率
1528	1588	425	453
小写
1409	1465	823	849
购买方
149	179	258	368
开票人
1009	1117	1054	1082
密码区
1129	1156	244	391
收款人
78	176	1047	1074
销售方
1416	1532	1059	1092
地址电话
202	382	318	344
地址电话
140	334	947	978
服务名称
412	544	412	439
规格型号
623	748	416	443
开票日期
1405	1529	171	197
价税合计大写
198	431	813	842
开户行及账号
201	379	364	390
开户行及账号
132	324	990	1021
纳税人识别号
207	384	274	301
货物或应税劳务
152	375	412	438
纳税人识别号
155	344	912	942
销售方
74	133	893	1000
购买方
1880	1905	647	734
