备注
1157	1184	934	1038
单价
1140	1215	472	500
单位
843	898	481	508
复核
687	746	1099	1126
合计
297	481	824	853
金额
1334	1438	465	490
名称
230	407	315	343
名称
250	419	946	973
数量
970	1045	478	502
税额
1677	1783	453	478
税率
1530	1589	458	484
小写
1423	1477	848	872
购买方
178	202	346	460
开票人
1053	1149	1085	1111
密码区
1139	1164	296	443
收款人
214	305	1120	1144
销售方
196	219	973	1076
销售方
1416	1515	1072	1108
地址电话
233	411	406	432
地址电话
249	422	1026	1052
服务名称
453	573	492	520
规格型号
647	770	485	511
开票日期
1405	1526	210	237
价税合计大写
274	487	885	914
开户行及账号
236	412	449	478
开户行及账号
249	424	1063	1093
纳税人识别号
234	407	360	387
纳税人识别号
252	420	986	1012
货物或应税劳务
189	412	497	528
购买方
1871	1895	661	744
