备注
1149	1179	898	1005
单价
1148	1225	417	446
单位
844	899	414	442
复核
617	687	1049	1077
合计
246	447	746	776
金额
1348	1456	419	446
名称
231	408	226	250
名称
182	373	870	895
数量
973	1050	417	442
税额
1702	1814	424	449
税率
1551	1612	422	449
小写
1431	1489	822	848
购买方
171	200	252	363
开票人
1030	1139	1053	1081
密码区
1150	1177	240	387
收款人
95	194	1042	1069
销售方
1440	1555	1059	1090
地址电话
224	404	313	339
地址电话
159	353	945	973
服务名称
431	565	407	434
规格型号
643	769	412	439
开票日期
1427	1552	166	193
价税合计大写
217	451	808	837
开户行及账号
222	401	358	385
开户行及账号
151	341	986	1016
纳税人识别号
229	405	269	296
纳税人识别号
174	362	907	937
货物或应税劳务
173	397	407	434
购买方
1906	1931	646	733
