备注
1167	1195	899	1013
单价
1157	1235	427	454
单位
863	916	433	460
复核
666	730	1061	1090
合计
308	497	764	791
金额
1357	1465	422	447
名称
298	455	271	300
名称
240	416	884	913
数量
987	1063	430	454
税额
1709	1816	417	442
税率
1556	1618	418	445
小写
1448	1501	815	840
购买方
241	270	301	410
开票人
1052	1155	1060	1089
密码区
1158	1185	254	399
收款人
187	281	1059	1085
销售方
186	218	897	1022
销售方
1478	1584	1062	1094
地址电话
292	453	356	381
地址电话
239	410	965	991
服务名称
468	581	438	463
规格型号
676	795	437	462
开票日期
1430	1550	172	197
价税合计大写
274	495	820	847
开户行及账号
290	448	396	423
开户行及账号
237	407	1006	1035
纳税人识别号
297	452	314	340
纳税人识别号
244	412	924	952
货物或应税劳务
261	449	441	468
购买方
1911	1938	636	723
