备注
1248	1279	1111	1237
单价
1242	1330	560	592
单位
893	956	559	592
复核
680	752	1296	1326
合计
218	447	951	983
金额
1471	1595	561	590
名称
166	374	339	367
名称
156	369	1095	1124
数量
1043	1131	561	590
税额
1865	1984	564	592
税率
1701	1767	561	592
小写
1563	1627	1017	1045
购买方
100	128	368	504
开票人
1119	1232	1291	1322
密码区
1245	1275	352	525
收款人
102	223	1300	1329
销售方
87	118	1123	1247
销售方
1548	1656	1282	1326
地址电话
165	375	445	473
地址电话
156	370	1188	1217
服务名称
417	569	557	590
规格型号
659	807	558	589
开票日期
1561	1701	266	297
价税合计大写
187	452	1022	1054
开户行及账号
166	374	498	529
开户行及账号
157	367	1235	1266
纳税人识别号
169	373	392	422
纳税人识别号
160	368	1142	1172
货物或应税劳务
108	372	556	587
