备注
1173	1201	943	1054
单价
1169	1248	455	483
单位
860	916	457	485
复核
679	739	1097	1124
合计
285	476	799	827
金额
1374	1485	455	480
名称
242	417	270	297
名称
233	412	923	947
数量
992	1069	458	483
税额
1730	1842	455	479
税率
1580	1641	453	481
小写
1455	1513	862	887
购买方
183	209	298	415
开票人
1057	1161	1099	1130
密码区
1172	1198	272	424
收款人
188	289	1098	1122
销售方
174	200	947	1052
销售方
1437	1542	1099	1126
地址电话
243	417	364	389
地址电话
232	411	1003	1028
服务名称
449	579	457	486
规格型号
658	785	458	484
开票日期
1454	1582	189	216
价税合计大写
260	481	860	887
开户行及账号
242	415	409	436
开户行及账号
233	410	1044	1070
纳税人识别号
245	417	317	344
纳税人识别号
235	410	963	990
货物或应税劳务
192	413	459	485
购买方
1930	1955	677	764
