备注
1215	1242	967	1077
单价
1215	1293	484	513
单位
906	962	482	511
复核
717	779	1125	1152
合计
315	516	821	850
金额
1415	1525	486	512
名称
270	453	287	312
名称
261	446	947	972
数量
1038	1114	484	510
税额
1766	1871	491	515
税率
1619	1678	488	514
小写
1492	1548	887	912
购买方
208	234	306	432
开票人
1100	1200	1124	1151
密码区
1217	1244	305	456
收款人
212	317	1125	1150
销售方
200	228	961	1088
销售方
1514	1615	1122	1152
地址电话
267	453	380	405
地址电话
259	445	1028	1053
服务名称
479	601	478	504
规格型号
703	831	480	508
开票日期
1499	1622	229	259
价税合计大写
288	519	883	910
开户行及账号
269	451	426	453
开户行及账号
261	443	1068	1096
纳税人识别号
272	453	333	360
纳税人识别号
263	444	988	1014
货物或应税劳务
240	453	476	502
购买方
1952	1975	712	797
