备注
1246	1274	957	1070
单价
1242	1322	461	491
单位
928	984	460	489
复核
734	798	1121	1149
合计
324	529	808	837
金额
1448	1561	462	489
名称
278	467	265	290
名称
266	456	937	963
数量
1062	1140	462	488
税额
1805	1914	467	491
税率
1657	1717	463	491
小写
1532	1588	873	899
购买方
217	243	285	412
开票人
1130	1232	1119	1147
密码区
1244	1271	279	432
收款人
216	322	1121	1148
销售方
204	233	952	1083
销售方
1556	1659	1116	1144
地址电话
277	466	359	384
地址电话
265	456	1022	1047
服务名称
490	617	457	484
规格型号
721	851	459	487
开票日期
1530	1656	199	229
价税合计大写
295	532	871	901
开户行及账号
278	464	405	433
开户行及账号
265	453	1063	1092
纳税人识别号
282	466	311	339
纳税人识别号
269	455	979	1008
货物或应税劳务
248	467	456	483
购买方
2002	2026	692	779
