备注
1167	1195	946	1055
单价
1161	1239	472	501
单位
862	917	470	500
复核
677	743	1104	1131
合计
286	488	806	836
金额
1360	1468	471	496
名称
241	420	287	312
名称
235	417	933	958
数量
990	1065	473	499
税额
1708	1815	470	495
税率
1563	1620	469	497
小写
1442	1499	865	891
购买方
183	209	312	429
开票人
1057	1155	1100	1126
密码区
1163	1190	294	442
收款人
192	292	1108	1138
销售方
174	204	957	1065
销售方
1427	1530	1099	1126
地址电话
240	422	378	403
地址电话
235	417	1014	1039
服务名称
461	588	474	501
规格型号
663	788	472	499
开票日期
1439	1564	212	239
价税合计大写
261	491	870	900
开户行及账号
241	422	422	452
开户行及账号
236	416	1053	1081
纳税人识别号
244	420	332	359
纳税人识别号
237	416	973	1000
货物或应税劳务
190	421	468	503
购买方
1902	1928	686	772
