备注
1164	1190	972	1084
单价
1160	1238	489	517
单位
854	909	488	516
复核
668	729	1129	1155
合计
280	470	825	854
金额
1361	1472	488	514
名称
239	414	303	328
名称
226	405	948	973
数量
985	1060	490	515
税额
1713	1821	491	516
税率
1566	1626	488	516
小写
1443	1499	892	917
购买方
179	205	325	447
开票人
1048	1147	1132	1157
密码区
1161	1188	310	460
收款人
178	280	1124	1149
销售方
167	195	962	1088
销售方
1464	1566	1130	1157
地址电话
236	413	394	418
地址电话
225	404	1028	1054
服务名称
436	553	487	513
规格型号
652	778	487	515
开票日期
1441	1565	232	259
价税合计大写
252	473	885	914
开户行及账号
238	411	439	466
开户行及账号
226	402	1068	1097
纳税人识别号
241	413	349	375
纳税人识别号
229	404	988	1016
货物或应税劳务
209	413	487	514
购买方
1908	1933	713	800
