备注
1167	1196	975	1087
单价
1155	1234	482	511
单位
839	897	486	515
复核
664	728	1148	1176
合计
233	444	849	879
金额
1357	1467	479	505
名称
166	360	294	321
名称
180	376	978	1009
数量
975	1054	485	511
税额
1707	1816	475	500
税率
1561	1619	476	503
小写
1443	1498	882	907
购买方
105	133	319	450
开票人
1055	1156	1135	1162
密码区
1154	1181	297	453
收款人
136	248	1168	1196
销售方
116	148	1001	1132
销售方
1466	1568	1116	1145
地址电话
167	363	393	419
地址电话
183	379	1063	1093
服务名称
397	521	490	518
规格型号
628	761	489	515
开票日期
1435	1559	216	243
价税合计大写
205	449	913	945
开户行及账号
171	364	442	470
开户行及账号
185	378	1103	1137
纳税人识别号
171	361	344	371
纳税人识别号
185	377	1020	1051
货物或应税劳务
141	368	492	522
购买方
1901	1925	695	780
