备注
1152	1180	906	1017
单价
1143	1220	433	461
单位
841	897	432	460
复核
651	713	1068	1096
合计
260	462	772	800
金额
1339	1445	430	456
名称
215	397	246	271
名称
206	391	896	923
数量
970	1048	433	458
税额
1685	1792	429	454
税率
1538	1597	429	457
小写
1429	1482	822	847
开票人
1041	1141	1062	1091
密码区
1144	1171	257	404
收款人
162	265	1074	1100
销售方
147	178	921	1030
销售方
1423	1525	1059	1090
地址电话
213	394	335	361
地址电话
207	391	979	1005
服务名称
431	563	431	457
规格型号
641	768	433	459
开票日期
1413	1536	176	203
价税合计大写
233	465	832	860
开户行及账号
213	394	380	408
开户行及账号
208	389	1019	1047
纳税人识别号
217	395	290	316
纳税人识别号
210	390	937	965
货物或应税劳务
160	394	430	458
购买方
157	182	272	388
购买方
1880	1906	646	731
