备注
1149	1177	951	1066
单价
1146	1227	451	480
单位
830	888	450	479
复核
638	701	1109	1135
合计
240	435	796	825
金额
1357	1470	451	478
名称
201	380	257	282
名称
184	367	923	949
数量
967	1046	452	478
税额
1723	1836	455	481
税率
1568	1632	452	480
小写
1441	1499	870	896
购买方
136	164	282	401
开票人
1030	1134	1113	1140
密码区
1150	1177	263	419
收款人
135	238	1101	1130
销售方
122	152	946	1054
销售方
1421	1528	1115	1142
地址电话
196	377	350	375
地址电话
183	370	1005	1034
服务名称
414	544	448	474
规格型号
623	753	449	476
开票日期
1439	1568	183	211
价税合计大写
212	439	858	887
开户行及账号
196	375	397	424
开户行及账号
183	366	1046	1075
纳税人识别号
200	378	304	330
纳税人识别号
187	366	963	991
货物或应税劳务
145	373	447	475
购买方
1924	1951	683	773
