备注
1167	1194	951	1058
单价
1159	1236	473	502
单位
853	909	476	504
复核
679	739	1114	1140
合计
262	468	824	853
金额
1357	1463	473	498
名称
196	388	284	309
名称
211	399	951	977
数量
984	1061	476	501
税额
1700	1807	472	495
税率
1555	1614	472	498
小写
1439	1493	865	890
购买方
134	161	309	431
开票人
1057	1154	1105	1132
密码区
1160	1187	293	444
收款人
168	276	1131	1158
销售方
148	177	979	1087
销售方
1429	1527	1098	1125
地址电话
213	400	1033	1059
地址电话
200	392	380	405
服务名称
434	568	478	503
规格型号
648	777	477	503
开票日期
1435	1557	215	242
价税合计大写
235	473	886	916
开户行及账号
199	391	414	453
开户行及账号
214	400	1073	1101
纳税人识别号
200	388	332	359
纳税人识别号
215	399	991	1019
货物或应税劳务
148	390	478	505
购买方
1893	1917	685	768
