备注
1164	1192	916	1026
单价
1156	1231	452	480
单位
862	916	452	479
复核
682	746	1073	1101
合计
285	485	782	810
金额
1349	1452	453	478
名称
239	423	264	290
名称
229	413	905	931
数量
989	1062	454	478
税额
1684	1788	454	477
税率
1541	1599	452	479
小写
1431	1486	836	860
购买方
181	206	287	403
开票人
1052	1151	1069	1097
密码区
1157	1185	278	423
收款人
185	288	1082	1108
销售方
171	197	931	1037
销售方
1421	1520	1067	1094
地址电话
240	422	353	379
地址电话
228	413	987	1013
服务名称
460	589	450	477
规格型号
665	789	451	478
开票日期
1423	1541	206	233
价税合计大写
255	489	843	871
开户行及账号
240	421	398	426
开户行及账号
231	410	1027	1057
纳税人识别号
243	422	308	336
纳税人识别号
232	412	946	973
货物或应税劳务
187	420	447	475
购买方
1870	1897	662	745
