备注
1205	1230	904	1007
单价
1199	1272	449	476
单位
908	961	448	475
复核
737	796	1056	1084
合计
341	538	780	807
金额
1388	1489	448	472
名称
293	474	264	290
名称
290	471	902	927
数量
1033	1107	450	473
税额
1717	1818	448	470
税率
1577	1634	447	472
小写
1464	1518	825	848
购买方
234	258	288	404
开票人
1099	1193	1051	1079
密码区
1200	1226	276	419
收款人
249	348	1076	1100
销售方
230	257	928	1032
销售方
1450	1547	1046	1071
地址电话
293	472	355	378
地址电话
290	472	981	1007
服务名称
509	638	447	474
规格型号
715	836	449	474
开票日期
1463	1581	201	226
价税合计大写
316	542	840	867
开户行及账号
293	470	399	425
开户行及账号
292	470	1020	1047
纳税人识别号
295	471	309	334
纳税人识别号
293	470	941	967
货物或应税劳务
244	469	447	473
购买方
1899	1921	652	732
