备注
1174	1200	907	1016
单价
1162	1235	447	473
单位
872	924	449	475
复核
686	748	1068	1095
合计
302	498	775	802
金额
1353	1455	447	470
名称
276	449	276	299
名称
243	426	896	923
数量
997	1069	449	472
税额
1690	1794	444	466
税率
1546	1603	444	469
小写
1442	1496	826	850
购买方
212	239	297	406
开票人
1064	1162	1063	1090
密码区
1163	1187	280	418
收款人
189	290	1075	1101
销售方
181	211	923	1029
销售方
1436	1539	1060	1093
地址电话
240	422	978	1004
地址电话
270	448	360	385
服务名称
488	606	451	476
规格型号
680	800	450	475
开票日期
1421	1539	206	231
价税合计大写
273	501	835	863
开户行及账号
269	446	403	429
开户行及账号
239	418	1018	1047
纳税人识别号
275	448	318	344
纳税人识别号
245	423	937	964
货物或应税劳务
217	443	450	476
购买方
1890	1916	650	733
